24,52006,29331,745,0
19,43687,15028,710,0
23,31909,13561,569,1
19,62863,29168,716,1
18,100183,28351,661,1
25,41198,7786,735,1
23,38100,21450,686,1
22,9,4,739,0
27,38267,19516,687,1
24,31295,5601,850,1
24,58073,16318,694,1
26,22309,5733,661,1
20,43624,18365,567,1
25,51876,15614,656,1
22,21037,7867,610,1
21,90489,18007,725,1
25,16830,7708,659,1
20,2324,894,752,1
25,12358,4967,674,1
26,27799,12787,651,1
19,41273,16344,696,1
26,67511,29569,608,1
18,72284,15396,717,1
24,27205,6910,825,1
18,21379,9855,547,1
20,43317,10309,610,1
25,42170,19271,683,1
21,51998,13935,686,1
20,32710,14196,725,0
24,12088,5064,702,0
18,51016,11427,614,1
22,81613,21056,773,1
21,15425,3208,768,1
18,3251,802,699,1
19,55713,19443,795,1
18,36563,15137,607,1
24,69459,21740,731,0
22,67089,22944,680,1
18,32561,7293,731,1
24,1122,363,706,1
20,43587,22665,748,1
22,56234,26148,623,1
21,13809,3466,696,1
22,29235,16371,809,1
20,19381,5135,652,1
20,39423,17582,641,1
23,49934,12882,676,1
25,84616,15569,778,1
18,18950,9872,557,1
24,7308,3449,657,1
24,57718,30417,620,1
19,4901,2504,670,1
19,20896,7376,721,0
23,59009,30625,763,1
22,59865,23107,727,1
18,22376,11008,791,1
29,88834,18210,678,1
18,77482,39128,777,1
20,73937,32458,658,1
20,26341,13591,582,1
20,55652,31332,702,1
24,59632,22183,765,1
27,32769,16351,724,1
18,87994,38805,542,1
23,28491,9715,730,1
24,50707,26316,555,1
22,49677,17237,682,1
28,53966,13545,762,1
22,20778,10285,654,1
23,61920,34675,642,1
20,8029,1565,644,1
26,57050,19511,689,1
24,6160,1078,627,1
18,20813,6368,730,1
25,15434,3719,701,1
21,6295,2927,663,1
19,22155,11343,577,0
19,21215,3988,745,0
24,8302,2872,725,1
24,47412,23468,657,1
25,72078,30128,700,1
22,27522,9852,800,0
19,37904,16488,836,1
21,10750,3526,693,1
18,11929,5487,656,1
18,24804,12129,707,1
18,28251,5904,850,1
18,11950,6142,744,0
25,75925,33634,700,1
26,43709,23340,728,1
23,86803,24218,703,1
20,45221,17183,745,1
20,64704,34940,728,1
22,54973,18525,748,1
21,14284,2599,643,1
24,12150,3122,688,1
18,68072,35669,696,1
19,56054,20235,778,1
20,445,208,599,0
26,80023,30408,639,1
18,28184,9498,780,1
20,54787,31173,756,1
22,32039,16179,779,0
18,27790,15840,671,1
19,36893,10698,741,1
29,6528,3231,742,1
21,14712,3251,736,1
24,41348,8186,816,1
20,12472,3055,629,1
23,30378,10358,632,1
19,80359,37849,655,1
23,46051,19203,646,1
24,43436,22152,726,0
21,24189,12892,639,1
21,67793,26642,601,1
23,65833,23765,652,1
18,27670,13032,685,1
21,69794,27987,641,1
21,27711,7260,732,1
21,59,15,708,1
29,45523,13065,595,0
24,24202,8035,671,1
18,19229,5230,702,1
24,13745,4934,667,1
19,36007,9901,776,1
21,9173,2091,735,0
19,33667,17405,749,1
23,33839,19389,713,1
18,7635,2397,614,1
19,2255,1179,686,1
22,64890,36143,741,1
24,55658,13970,727,1
24,27385,7749,731,1
25,53108,23048,700,1
18,907,338,644,1
20,66519,21153,585,1
18,32902,10726,767,1
24,42774,13473,797,1
23,58290,29378,729,1
25,5757,2348,705,1
26,32959,12227,663,1
20,17975,3217,582,1
20,70709,24536,665,1
25,76157,27111,617,1
18,7106,1399,850,1
20,47052,18256,691,1
18,24336,13044,635,1
19,29427,10946,807,1
21,39352,12277,615,1
18,27008,8912,607,1
21,46405,12668,703,1
20,66640,13394,567,1
20,32807,8070,850,1
20,7562,2684,616,1
23,62628,35823,739,1
24,39852,11557,850,1
20,58293,11017,652,1
23,52613,26096,612,1
18,55436,15244,701,1
25,50495,20551,611,0
21,11317,3225,753,1
18,71052,35454,534,1
21,12808,4777,736,1
24,23133,9253,612,1
18,50920,12220,814,1
26,39310,22092,622,1
20,1074,570,646,1
21,192,68,769,0
25,12290,6661,843,0
18,17513,5586,559,1
22,80551,41322,642,1
21,38754,14687,533,0
21,29835,14589,732,1
18,41257,11840,625,0
24,60651,28505,611,1
20,34922,9498,567,1
24,74979,34940,677,1
20,51185,16635,734,1
22,5309,2781,580,1
20,28316,13648,723,1
24,56419,16925,821,1
21,12536,6443,693,1
22,23565,6857,735,1
21,33877,13754,596,1
24,1170,428,614,0
26,26234,11438,798,0
18,74536,13043,584,1
21,6090,1364,673,0
26,15108,6269,730,1
18,21475,8697,668,1
19,47060,14776,730,1
22,87895,28390,626,1
19,33831,9709,745,1
24,13065,5199,813,0
18,40551,8191,741,1
21,77666,27027,711,1
21,2406,919,572,1
18,15162,3987,828,1
21,45922,18506,648,1
19,44617,23647,786,1
23,42994,22958,647,1
18,13659,4548,763,0
26,46040,13858,638,1
23,24399,6368,635,1
19,42714,12899,722,1
25,24504,8919,600,1
24,14459,4843,832,0
18,41832,19117,622,0
21,32774,12060,677,0
24,3560,1776,505,1
18,12557,5839,647,1
25,3778,1356,849,1
20,9286,1625,747,0
26,61776,21992,743,0
21,51001,13974,741,1
18,88751,29642,796,1
20,53234,21080,504,1
24,76180,18359,687,1
22,53002,20882,525,1
26,38984,15749,687,1
23,27538,15145,773,1
22,28464,11926,741,1
22,58585,20270,536,1
18,72587,21558,655,1
18,16468,8431,650,1
26,57438,17690,681,1
18,26053,14303,718,1
22,31562,7953,677,1
18,35357,10536,705,1
22,67551,14050,685,1
24,114818,19978,584,1
23,2882,772,637,1
22,21548,10149,682,1
26,44282,17535,700,1
21,53615,10026,718,1
20,41164,10784,654,1
30,50358,13999,764,1
29,61432,18491,678,0
18,31251,11281,560,1
22,38193,12107,726,0
22,97953,56029,733,1
26,72725,39271,602,1
25,47113,15311,523,1
27,46277,9162,557,1
21,195,103,744,1
24,48588,15888,709,1
24,15811,3004,770,1
26,36581,17010,734,1
18,82429,29344,759,1
21,22227,12113,708,1
20,61326,25818,645,1
20,39226,16435,544,1
21,64466,23594,739,0
24,72866,23025,760,1
20,1818,490,763,1
18,38624,15140,680,1
20,1280,544,693,0
20,16555,5181,708,1
18,23050,6361,597,1
21,25608,13495,759,1
18,72045,34149,541,1
19,9178,2083,812,1
25,66062,21932,554,1
19,58978,26127,751,1
18,49582,15469,638,1
26,20946,11645,659,1
25,3065,1250,807,1
19,79442,27804,753,1
24,35873,15855,741,1
23,85576,44927,756,1
23,5250,2572,630,1
24,67646,34567,722,1
22,35653,6916,699,1
27,31877,10009,635,1
19,6846,3073,584,1
21,28366,13956,602,1
19,58789,21810,791,1
19,37690,16432,548,1
18,68126,14102,583,1
27,17076,5088,606,1
24,27793,9894,764,1
25,64158,26497,726,1
18,44623,14100,828,1
24,73012,27160,697,1
18,75575,25619,719,1
22,96860,48720,646,1
21,30491,14635,704,1
19,47340,20119,692,1
21,18579,7357,732,0
20,63011,24448,731,1
24,26345,6612,671,0
22,17783,9122,638,1
22,49940,25619,742,1
23,101154,19725,764,1
24,49264,25765,792,0
24,71135,40262,726,1
29,45586,8524,823,1
25,7082,2202,627,1
20,40030,22256,672,1
25,35341,10566,668,1
18,30554,12099,675,1
25,20606,7892,707,1
22,63888,18271,722,0
22,28708,11511,670,1
22,61313,28081,612,1
22,71669,34186,624,1
24,21784,4465,681,0
20,37194,7885,632,0
28,12873,4737,774,1
20,61250,32340,661,1
23,69463,21325,825,1
22,64388,17577,708,0
22,33643,15273,695,1
26,35832,20495,828,0
21,68792,15340,611,0
21,56141,14091,656,1
20,62903,18745,541,1
20,19204,6049,691,1
21,32697,5983,741,1
21,100904,44700,721,1
18,43778,17642,750,1
22,52950,30128,590,1
19,29377,8019,771,1
26,13653,2430,637,1
22,33703,9639,653,1
28,11064,3153,703,1
18,12567,4662,751,1
22,21638,5063,843,1
19,1470,379,582,1
20,79627,31691,706,1
18,60091,16284,698,0
22,19199,7737,767,1
25,51219,27607,802,1
23,54011,12962,782,1
21,46355,11866,613,0
18,4401,1949,820,1
21,27554,6089,802,1
19,44821,13670,645,1
22,119353,27689,699,1
19,69121,12649,690,1
22,45177,13010,850,0
18,14442,5545,742,1
25,20860,5653,533,1
25,66057,33358,722,1
18,15023,2899,720,1
19,41644,17740,740,1
23,20823,9078,646,1
18,44812,12233,756,1
23,44707,24454,556,1
26,47793,22175,738,1
23,62125,11244,733,1
25,3421,649,787,1
23,47191,25294,651,1
22,68148,24260,695,1
21,21924,10501,730,1
23,49154,10666,660,0
20,30464,12459,751,1
21,77988,13569,850,1
20,42840,13794,756,1
23,19648,9372,697,0
21,6878,2441,667,1
19,70519,20803,758,1
19,3947,1148,731,1
20,15917,5125,762,1
24,10396,2890,850,1
24,7847,2314,688,1
20,68685,26581,826,1
26,30719,7218,808,1
21,41152,12386,685,1
19,28196,5103,714,1
19,38760,18411,730,1
20,59378,15853,757,1
20,19343,3752,577,1
24,6882,2078,639,1
23,9732,3026,673,1
26,63089,18674,677,1
24,74717,15989,762,1
21,12832,5774,694,1
21,68712,31401,638,1
24,15479,7600,776,1
29,3833,1920,736,1
24,81544,20712,668,1
23,87971,32373,650,1
18,2065,1059,730,0
19,11253,4006,707,1
22,47689,13114,596,0
21,63179,19016,711,1
24,14123,6609,693,1
25,52994,20243,634,0
21,2498,1081,703,1
25,10016,5628,712,1
22,90116,47491,701,0
24,57491,27020,658,1
21,58730,19850,754,0
22,30645,9499,644,1
19,42474,18263,672,1
18,50156,9629,679,1
22,30460,13128,627,1
19,35101,12671,631,0
25,57916,26120,521,1
20,91519,46034,743,1
23,43747,12861,720,1
23,39478,19462,781,1
19,23352,7449,623,1
23,67261,38136,592,1
22,26665,15012,829,1
22,35714,15928,815,1
22,39065,7930,709,1
23,21308,4112,684,1
20,35855,7529,722,1
20,63553,29615,642,1
19,29203,11710,626,1
21,16271,9209,791,1
21,16556,4950,721,1
21,19245,6985,727,1
30,69778,26724,784,1
26,5523,3098,668,1
31,111293,32163,602,1
37,26941,9456,744,1
20,38886,11354,820,1
27,36869,19982,619,1
22,731,136,780,1
35,66390,32863,678,1
26,23255,4139,781,0
28,17690,3308,625,1
23,30509,10037,779,1
31,124348,23874,777,1
30,25453,11682,850,1
18,64666,13903,781,1
31,14757,5902,805,1
35,8842,2007,567,0
30,45466,19095,758,0
26,49615,17365,635,1
34,108915,47486,715,1
21,68261,37680,695,1
32,39191,16616,697,1
35,30136,14615,599,1
30,9047,4957,731,1
24,57684,11709,840,1
30,99299,40017,679,1
29,7142,1756,559,0
22,52491,26560,698,1
32,150530,26493,770,1
35,71062,35459,570,1
30,4783,1253,739,1
18,51074,11236,546,1
27,90648,49947,654,1
28,30677,14387,661,0
34,18523,3500,622,1
37,82670,26041,661,1
28,2113,674,718,1
34,51633,9190,660,1
20,6143,1253,600,1
26,84057,32866,682,1
38,112509,54341,710,0
18,62460,12054,703,1
29,19886,3877,797,1
24,40789,15907,843,0
30,6879,1437,805,1
31,58100,16732,778,1
36,130257,49888,744,1
31,6421,3653,600,1
43,7997,1991,722,0
29,11537,3391,696,1
30,30988,9513,688,0
35,15353,6187,633,1
21,5365,3020,639,1
22,12799,4313,642,1
25,75700,16578,822,1
27,67435,17533,691,1
32,106295,36565,708,1
26,17323,9596,572,1
22,19505,5090,631,1
27,42005,11215,740,0
28,171751,91371,639,1
32,21016,5211,597,1
25,1310,628,665,1
29,97158,54311,579,1
36,39557,22587,849,1
28,141999,31523,632,0
23,30344,6190,676,1
29,124673,33661,785,1
31,94844,25513,754,1
27,4806,913,715,0
24,84919,23522,545,1
25,88988,41290,509,1
31,33060,16397,757,1
30,89256,44538,630,1
33,114509,46490,685,1
27,84334,19059,631,1
39,31749,8667,780,1
30,91907,51376,674,1
38,93652,30062,732,0
28,16554,5446,848,1
23,22699,6560,779,0
22,68103,30986,694,1
38,19873,7571,564,1
30,10577,3120,709,1
30,61382,13995,723,0
38,97339,33873,534,0
24,42483,11725,799,1
21,92085,37202,695,1
28,58631,24214,697,1
30,79179,43469,683,1
22,33952,13003,688,1
25,60692,32227,743,1
29,56660,29973,718,1
25,88333,23673,612,1
35,5229,2253,731,1
33,52285,21750,600,1
34,89453,41506,610,1
18,6314,2809,634,1
28,72892,33092,621,1
32,54560,21005,626,1
32,98391,34141,722,1
28,96390,17253,640,1
30,91757,46245,575,1
22,52983,23895,741,1
28,111342,33959,593,1
18,55643,31271,519,1
30,9009,2072,685,1
28,48186,26213,786,1
30,58028,25706,744,1
26,7559,1806,568,1
34,53878,17348,655,1
35,100440,43691,677,1
39,139183,71679,710,1
30,153996,63138,688,1
32,54821,17652,697,1
31,56796,12211,673,1
33,24624,4924,599,1
37,31143,17004,695,0
29,92761,24210,778,1
32,44867,14402,719,1
29,40086,18519,645,1
25,98327,47688,846,0
33,12195,3536,735,1
25,67991,30052,704,1
29,22553,4984,760,1
33,40985,7705,607,0
34,71553,35848,658,1
31,36489,15142,694,1
24,23602,7222,692,1
33,57430,27910,790,1
28,17514,7478,610,1
24,5116,2322,608,1
21,24357,11131,760,1
31,66343,14860,758,1
28,78270,21211,579,0
29,101215,21862,660,1
30,12082,2621,637,1
19,35533,12081,616,1
27,47589,12753,797,1
37,90355,23311,714,1
29,83940,42893,850,1
39,56964,29678,747,1
23,21006,4390,682,1
32,87531,42715,701,0
28,38873,15704,647,1
36,71598,36085,733,1
20,40499,22152,688,1
28,47317,15236,579,1
34,3849,1708,689,1
28,65473,14796,719,1
25,39131,11974,790,1
33,70132,30858,552,1
30,9497,4169,642,1
32,36887,17115,751,0
30,62888,11256,656,1
29,24872,4352,628,1
28,45211,11302,755,1
31,132917,24589,755,1
30,68297,21650,770,1
32,39893,11967,656,0
30,15178,7664,764,1
35,26154,14280,747,1
27,1203,659,659,1
28,74697,19421,580,1
26,84918,36599,732,0
26,47714,13169,672,1
32,78287,39143,769,0
35,49823,18235,667,0
33,47215,9112,691,1
30,18596,9167,742,1
24,104580,51662,621,1
33,81924,14172,671,1
19,43227,10028,759,1
25,39143,18984,568,1
31,19417,6019,654,1
31,22347,7218,750,1
29,84271,41377,615,1
29,57319,13699,646,1
34,122431,55338,685,1
31,36289,16003,657,1
32,47890,15947,768,1
31,38383,13088,779,1
29,94888,53611,662,0
32,90249,33572,704,1
26,109679,51439,754,0
27,57374,29260,658,1
30,41039,12106,670,1
32,98862,47651,580,1
27,53997,12743,615,0
18,46160,18187,725,1
31,61405,30149,766,1
27,21017,7986,798,1
31,8159,4585,621,1
22,1160,580,757,0
31,115261,35730,767,0
31,28903,12832,814,0
27,135323,62654,636,1
30,54274,22957,796,1
18,50010,25855,685,1
24,18023,7209,622,1
29,118504,48112,687,1
32,3507,1967,681,1
24,30348,7769,672,1
30,43139,23899,731,0
31,24759,13865,807,1
35,87508,34303,603,0
24,71729,30126,749,0
27,7412,3298,656,0
32,35622,10650,567,1
27,64680,23414,662,0
37,500,273,651,1
32,45424,9993,704,1
35,62853,12947,512,1
28,108033,31977,686,1
28,25673,14428,706,1
34,46527,26241,714,1
26,142110,36948,706,1
38,26240,10863,624,1
30,55716,14486,691,1
31,60140,20447,840,1
28,52836,22825,680,0
27,111818,35781,550,1
40,24945,11150,613,1
31,60133,30788,717,1
34,90150,21726,714,1
32,15711,8876,691,1
25,133195,74456,673,1
24,128472,57812,745,1
29,14863,7149,637,1
36,74417,22399,723,1
34,22576,7698,668,0
34,68518,20555,767,1
29,129696,59919,533,1
28,23165,11999,737,1
29,94776,33266,527,1
35,86005,22447,689,1
43,86077,24876,843,1
25,145105,63846,627,1
32,102089,21642,693,1
19,113155,60651,704,1
30,6553,3001,646,1
27,48286,16803,733,1
28,65676,17075,720,0
27,89277,31871,646,1
24,72692,27550,589,1
32,39134,14675,725,1
27,100570,39222,679,1
23,40932,16290,681,1
26,61057,33703,815,1
28,122453,57185,751,1
31,103202,53149,725,0
26,46945,25256,850,1
36,102042,57347,624,0
32,31892,14191,670,1
37,9626,3417,698,1
31,27563,11714,755,1
30,4055,1175,613,0
23,122903,63909,702,1
25,5101,1566,702,1
32,70129,30015,638,0
32,53947,30695,676,1
30,12814,7316,748,1
25,65693,21350,722,1
30,27907,9488,740,0
34,10078,4545,643,1
30,8870,2856,636,1
29,106882,42859,796,1
41,28465,8938,724,0
28,30969,6100,570,1
32,22785,7222,686,1
37,60812,13682,850,1
35,93700,45725,812,1
37,125984,38425,693,1
34,83366,22425,814,1
29,2292,630,728,1
41,24845,9242,605,1
37,112118,26796,699,0
27,20249,8484,629,1
35,132393,45807,671,1
41,28527,7388,750,1
28,83614,18562,677,1
37,74524,29138,745,1
23,45606,15962,605,1
32,8018,2212,600,1
22,86770,45814,663,1
30,49756,22788,646,1
37,78550,37546,707,1
30,98400,49790,619,1
32,111178,26126,699,1
29,97942,34573,750,0
31,47802,10468,680,1
22,17165,8307,766,1
28,56267,21043,850,1
36,45817,26207,707,0
33,41389,7284,650,1
20,15529,4301,778,0
30,45307,14679,704,0
24,20435,4516,704,1
24,55484,23525,718,1
30,66367,35705,725,1
26,41360,18901,687,1
29,7994,1926,650,0
41,44090,12742,657,0
34,37877,18180,633,1
33,32887,7399,689,1
29,7272,3766,738,1
33,117910,65322,735,1
30,67131,31215,565,1
33,60423,18972,648,1
18,2497,1375,779,1
23,131350,65412,612,1
32,43024,14413,670,1
18,70348,15687,730,1
24,36120,12461,602,1
40,64471,19083,558,1
30,31920,11874,588,1
33,74617,16490,723,0
31,16014,5396,752,1
37,80873,28143,732,1
32,36866,12645,572,1
33,89971,50923,850,1
28,38235,10552,638,1
29,55992,14725,781,1
26,18191,7440,676,1
30,47952,24695,658,1
23,142567,51324,843,0
26,127045,39638,729,1
37,20869,8264,711,1
23,1967,371,580,1
33,19906,4319,641,1
26,15828,3957,757,1
32,66105,25318,660,1
28,9522,2656,641,1
25,92905,19417,675,1
31,23582,11012,619,1
34,74896,38496,534,1
33,105544,41795,767,1
31,18935,5377,745,0
28,80967,35868,850,0
31,64006,12353,694,0
29,50749,11621,762,1
25,53376,29356,692,1
26,32351,13813,707,1
26,57187,15097,808,1
32,59929,30324,749,1
29,1311,325,644,1
26,130509,46722,777,0
32,64793,29027,636,1
42,11886,2769,824,1
24,20580,11771,689,1
26,97328,17421,733,1
24,78997,24094,644,1
27,79126,27140,843,0
33,50153,21816,690,1
23,18375,9536,805,0
25,107021,27290,654,1
24,31439,9997,784,0
29,111209,51712,584,1
30,35570,13516,638,1
24,63954,19250,632,1
35,66916,21011,850,1
18,29714,13935,838,1
34,25983,12263,783,0
25,8458,3129,658,1
34,81121,29365,730,1
18,23617,13508,635,1
34,735,365,660,1
35,29827,14615,724,1
34,101620,52639,601,0
28,106721,58589,683,1
28,93568,16467,673,1
37,94121,44707,744,1
30,31830,12922,777,1
33,104172,20105,619,1
32,91558,40926,775,1
25,68749,29218,812,1
23,15486,7510,742,1
37,28956,9005,520,1
25,9445,2021,772,0
28,12768,5579,586,1
21,3945,895,704,1
28,2050,865,674,0
35,62455,18361,751,1
29,9765,2519,590,1
38,24392,6634,758,0
22,55744,18395,684,1
21,20961,5009,715,1
29,28156,10474,850,1
23,40916,21562,753,1
29,34886,13152,614,1
33,49244,26936,789,1
27,139313,78015,699,1
20,135919,30309,596,1
29,47417,16738,602,1
38,71007,38485,576,1
31,46334,10795,643,1
29,70021,33119,643,1
30,17579,9967,670,1
33,58731,33183,632,1
29,36088,11909,733,1
33,17991,8437,557,1
20,23246,13064,646,1
32,53933,10031,639,1
29,39168,15353,767,1
27,41645,17824,741,1
37,23185,13076,619,1
24,57018,24232,759,1
27,38619,19116,603,1
30,153276,28049,622,1
28,55246,28230,694,1
28,78989,14770,646,0
25,4685,2623,667,1
33,75720,16279,711,0
24,96560,41134,666,1
34,4342,811,664,0
32,77107,17811,580,1
23,2179,1019,639,1
43,113238,52429,850,0
36,32448,13887,771,1
39,109793,24044,630,1
42,185511,63259,821,1
40,54636,13932,748,0
40,36571,12397,581,1
40,79539,19487,850,0
41,2036,504,534,1
41,94477,52529,448,0
38,137426,32295,837,1
42,30220,16923,850,0
35,4211,783,805,1
44,36574,12435,544,0
32,30091,8967,560,1
37,104874,32406,757,1
39,27343,15120,762,1
42,16223,6618,707,1
44,73773,28033,617,0
40,72694,33511,836,1
45,53845,9799,671,0
31,23580,4220,850,1
31,47928,26600,631,1
32,56776,21801,850,1
36,52272,24829,712,1
33,68471,27662,742,1
51,17295,6606,521,1
43,86618,36119,628,1
31,100018,31305,511,1
40,36314,19137,757,0
43,42611,12186,730,1
39,59176,13196,741,1
35,181475,77671,587,0
48,75268,41472,761,1
43,54859,22327,785,1
43,66852,30818,613,1
40,48329,19669,619,1
38,108663,24775,612,1
37,74640,25900,749,1
41,16739,8336,714,1
32,9534,4776,663,1
39,46271,19665,617,1
37,28078,15751,792,1
45,125713,64616,734,1
36,25952,13546,698,1
45,25411,7902,805,1
43,61876,21718,756,1
40,35683,18234,817,1
41,265,46,675,1
46,79821,43103,696,1
33,62026,24748,681,1
40,101059,26477,771,1
38,85196,39275,850,1
33,45732,13170,738,1
38,90317,44616,695,1
39,38608,8223,665,1
40,155241,87245,708,1
29,35027,9912,659,1
41,65213,24780,850,1
46,100000,42300,634,1
38,101929,33126,675,1
43,114064,32736,850,1
33,47178,21937,742,1
40,9346,4887,733,0
33,109283,56608,777,1
40,30113,15086,758,1
38,8724,2591,839,1
44,95153,22075,693,1
43,58009,28482,645,1
39,56077,12729,712,1
36,17857,4535,666,1
43,19142,6182,669,0
35,28985,14405,746,1
31,11293,5883,615,1
34,14150,5730,743,1
42,171129,80944,725,1
28,2134,866,595,1
37,163013,62433,671,1
38,71448,26721,839,1
35,116182,48796,399,1
40,69014,35335,532,1
42,130819,29695,570,0
40,24496,7030,423,1
41,32961,12887,609,1
35,85434,23067,630,1
40,101447,42709,634,1
38,119639,36968,677,1
39,153143,30475,663,1
47,103861,55565,676,1
35,142653,40085,713,1
37,51988,20275,730,1
44,75993,30169,671,0
39,7487,3983,781,0
42,41695,22515,759,1
37,175813,61182,743,1
41,37209,18009,603,1
37,109848,41193,694,1
44,44597,8295,573,1
34,103731,46886,705,1
52,67171,28682,594,1
41,71523,18882,688,1
47,119852,36435,778,1
46,52112,11464,648,1
50,129301,43315,850,0
41,70167,17261,655,0
43,163874,70957,739,1
32,72621,28394,715,1
33,167858,91146,748,1
46,54042,17887,590,1
39,40683,9153,850,0
47,43029,14027,706,1
44,43287,20388,677,1
36,22838,8198,850,1
34,82830,46550,770,0
43,67599,36976,674,1
39,57186,29050,666,0
37,121357,65290,849,1
38,35671,19190,513,1
37,16694,3238,619,1
43,52470,15006,572,1
36,26767,12901,819,0
37,104612,54502,778,1
40,138627,24121,592,1
41,48194,11566,702,1
35,91812,28002,674,1
42,147732,36637,813,1
42,26909,7722,634,1
31,40338,7785,653,0
34,7393,1700,619,1
37,59093,22396,636,1
39,35442,15204,523,1
37,16941,8843,804,1
33,42242,17276,595,1
43,64365,12873,436,1
38,18204,9666,778,1
44,9186,4216,728,1
44,5490,2327,695,1
41,70161,23223,795,1
42,47733,9069,536,1
38,109365,24716,742,1
33,100686,32219,736,1
39,50291,28816,850,1
38,72662,31898,546,1
36,82498,20871,624,1
39,50065,27235,832,0
44,90892,30812,715,1
46,153578,75713,772,1
43,147916,35499,694,1
50,27010,10939,679,1
41,74288,30755,679,1
37,45913,19375,728,1
36,20711,4225,472,0
36,102099,34407,619,1
46,85479,15044,781,1
43,84654,47914,850,1
33,81408,27597,737,0
33,32987,13854,755,1
36,124874,38086,693,0
39,20452,5583,735,1
32,90656,23751,771,1
37,111292,41845,688,0
37,125033,66142,850,1
36,4235,2015,568,1
52,107276,18987,760,0
45,9386,5134,831,0
41,43568,16425,685,1
41,94844,19063,671,1
44,157080,30159,850,1
51,70402,36961,727,1
40,162544,39660,780,0
34,76207,32083,669,1
37,22686,6284,743,1
41,6597,2671,795,0
45,32427,14851,698,0
44,144578,68529,707,1
38,47882,15561,788,1
43,113833,50655,822,1
37,135446,33455,815,1
40,41423,17480,599,1
40,59598,11383,555,1
33,99673,44653,695,1
41,116813,33992,690,1
35,6037,2861,572,1
38,23453,11538,484,1
37,166175,44701,722,0
45,103956,47923,657,1
41,92243,42339,608,1
45,99869,23369,628,1
36,114339,29156,729,1
31,99078,47656,704,1
36,87379,22281,466,1
35,118061,49585,634,0
39,143211,37664,823,1
33,51480,22342,739,1
43,78681,44533,651,1
43,72231,40449,714,1
49,11231,2695,670,1
42,100194,47191,665,1
47,110799,51964,754,1
41,74577,13647,649,0
36,83253,24309,752,1
51,93830,46352,752,1
39,108163,30826,658,1
44,112549,36015,749,1
40,106875,36871,713,1
30,24680,8193,635,1
52,127645,66247,787,1
25,81185,25086,850,0
33,21708,9746,641,1
49,126208,55910,496,1
44,67903,25531,841,1
44,18664,10209,785,1
39,4911,2401,828,1
39,52302,14330,652,1
36,127510,27287,632,0
37,101666,57237,601,1
42,132743,47787,584,1
36,128335,60574,772,1
32,141050,37096,729,0
47,108130,53091,791,1
44,38816,16069,728,1
44,98456,18903,665,1
46,89940,46409,673,1
37,7859,4471,698,1
29,4902,1352,744,1
33,32670,12577,782,1
34,19732,9313,848,1
44,36850,18830,700,1
33,51327,22224,734,0
37,50157,24526,683,1
46,22731,12411,616,0
42,86078,28061,736,1
36,37819,10778,828,1
43,83344,32754,629,1
46,68310,15096,690,1
36,72592,22721,635,1
38,52004,8996,703,0
44,19239,7541,582,0
41,47710,18511,670,0
54,28149,15369,559,1
45,110063,62845,850,1
45,109955,24739,604,1
35,73124,39852,651,1
36,48082,22742,809,1
34,35257,7403,723,0
41,14406,8240,677,1
45,65913,27881,661,1
43,4027,809,522,1
36,4957,1125,543,1
38,62046,31147,768,1
37,84716,20077,712,1
52,14376,4025,775,1
40,22784,6174,708,1
37,62582,11515,723,1
49,115569,29123,850,1
36,91626,49111,716,1
40,21664,7257,777,1
47,114837,50987,694,1
41,36277,16651,742,1
41,48948,18110,844,1
40,108991,31716,787,1
40,28978,6172,644,1
42,125721,37087,576,1
45,22986,7033,599,0
42,34388,10625,656,1
51,33480,14329,824,1
42,17315,6319,809,1
30,90640,26829,772,0
35,58104,22834,761,1
40,50981,18506,688,0
46,22345,6457,622,1
35,74278,39664,740,1
45,107878,19418,753,0
37,95034,23283,717,1
42,161021,37678,616,1
31,6897,2572,674,0
35,156967,71576,806,1
37,8496,3806,850,1
38,77016,43822,850,1
31,79696,29567,753,0
45,141213,25418,850,1
40,3875,747,720,0
37,76613,36084,850,1
48,41979,19100,779,1
34,42389,13098,683,0
32,95893,34617,757,1
39,72329,14248,719,0
33,16997,7189,535,1
41,73801,24206,721,1
39,96138,42781,818,1
41,13007,5983,799,1
40,19667,6057,673,1
38,2453,569,584,1
41,108870,30156,749,1
42,180552,56332,604,1
36,77317,22035,758,1
51,44573,9048,678,1
33,109958,31228,796,1
44,85271,45619,603,1
34,33176,16189,572,0
39,1844,614,849,1
43,67352,32867,743,1
37,38938,16782,600,1
43,28991,7972,563,1
37,62851,13575,740,1
40,56329,14927,784,0
36,7762,2111,813,0
34,170054,96760,814,1
36,106518,28227,679,1
46,10225,5828,615,1
44,38777,20396,850,1
40,76514,20046,517,1
40,87662,41551,508,1
36,108677,44883,850,1
36,45051,14551,850,0
33,60757,10814,670,1
40,57584,27467,775,1
35,15436,5572,583,1
33,152439,51067,667,1
32,1643,328,850,1
39,26996,12985,568,1
42,145250,80468,559,1
33,56448,15692,661,1
42,116070,65927,850,1
28,96385,39132,630,1
46,68784,22973,677,1
42,8935,2260,743,1
36,108486,18876,585,1
38,84760,23648,611,1
43,85906,39173,808,1
48,87343,46553,658,1
28,221346,113329,820,1
36,44316,22556,635,1
37,38858,16242,739,1
36,57545,12544,805,1
38,62368,16839,843,1
47,64251,15034,568,1
38,4792,2741,617,1
38,105511,43365,426,1
37,42086,14267,805,0
37,35024,6479,728,1
36,86067,36320,817,1
43,15043,3971,318,1
41,61018,22576,850,1
39,75921,39782,723,1
37,45315,19258,685,1
34,12015,2607,826,1
36,5681,1170,760,1
41,91292,46285,689,1
41,37379,9643,799,1
36,83821,15590,701,1
42,106149,51694,584,1
39,65930,15427,764,1
36,131728,24237,689,1
40,42164,14462,633,1
40,30264,7717,731,1
50,454,133,756,1
41,100491,54968,613,1
35,76933,39235,757,1
41,24522,4659,753,1
48,145822,42580,640,1
32,16970,8807,489,1
37,19824,10130,850,1
38,98241,28391,712,1
50,75014,16278,670,1
36,2096,754,850,1
48,42871,19206,613,1
39,76526,39563,692,1
44,13990,4826,757,1
43,65264,21798,831,1
37,109640,32453,850,1
34,102227,22183,850,0
34,94725,47078,850,1
37,75798,20692,535,1
51,32977,7518,732,1
34,20936,3747,850,1
43,14949,2705,644,1
37,42604,13335,718,0
47,166496,41457,782,1
39,72562,40054,828,1
37,2784,1433,611,1
43,9208,2679,674,1
35,154032,52832,816,0
50,7855,2348,696,0
47,101264,40404,579,1
37,6731,3291,667,1
47,49544,11048,528,1
37,114986,36450,761,1
42,85922,38321,703,1
41,48050,24697,723,0
37,116581,52694,837,0
50,96386,27277,674,1
43,60881,23256,558,1
50,58651,13196,850,1
38,80491,44511,637,1
46,30770,14954,642,0
39,16436,6245,761,1
42,82249,43427,720,1
38,76470,15676,711,1
46,153994,85312,741,1
37,18894,9749,671,1
29,72303,30150,706,1
43,70223,29493,716,1
42,10092,5389,778,1
40,29135,14858,735,0
45,70701,25452,772,1
47,18774,10044,578,1
48,86678,23923,850,0
41,47859,15458,699,1
39,43407,23743,825,1
48,7942,3740,566,1
38,118005,45077,807,0
50,56700,29427,768,1
37,43739,20163,757,0
46,5521,1026,850,1
38,120683,64324,742,0
26,78943,27314,464,1
55,80568,26829,740,1
57,51967,19539,664,1
50,142360,71891,824,1
46,52565,22550,516,1
55,3671,877,608,1
41,68935,23162,649,1
52,5008,2403,717,1
50,117935,35026,687,1
59,50673,25640,615,1
48,70145,21043,732,1
54,108644,37916,647,1
54,144203,55518,638,1
47,56075,29046,641,0
48,26037,12185,753,0
52,120118,39518,696,1
49,49934,15529,679,1
53,125839,41904,633,1
47,24141,6421,662,1
49,27423,10722,708,1
49,82742,24160,629,1
47,7570,3368,672,1
56,24464,5259,704,1
43,133915,27586,617,1
54,175216,58171,717,1
51,59949,32732,597,1
47,86419,35604,700,1
43,182708,48234,654,1
49,20799,6177,748,1
48,12496,4910,669,1
44,118841,34345,523,1
54,64022,14468,850,0
46,119575,55243,705,1
40,32338,12902,668,1
55,91254,35224,665,1
51,65343,14244,658,1
50,60304,29247,832,0
39,2402,996,813,1
51,67414,16111,791,1
51,158494,59276,674,1
49,20794,4034,850,1
35,58221,21658,742,1
50,29457,11252,639,1
43,162741,83323,809,1
43,23377,4605,779,1
48,50437,25924,630,1
55,64320,30423,534,1
52,121333,42345,712,1
56,11935,2721,675,1
50,19714,6604,662,1
41,50655,26441,751,1
51,65972,11611,850,1
60,8106,1799,743,1
40,135643,45033,747,1
55,73395,20623,695,1
53,52887,23323,805,1
48,21909,8675,610,1
51,69380,15471,674,1
57,30971,5698,720,0
54,35531,14603,699,1
51,87279,31944,664,1
42,11657,5863,718,1
50,22595,11048,850,1
56,118602,48864,850,1
47,26805,8309,732,0
61,72814,34732,669,1
44,113753,40154,590,1
41,146918,80364,726,1
54,50495,15703,759,1
47,12427,4647,719,1
50,23865,7660,625,1
50,4083,710,404,1
49,90873,32714,652,1
54,40213,12023,669,1
52,103932,35129,679,1
56,44110,17379,850,1
48,124687,62468,850,1
49,121579,53373,560,0
48,29161,7115,791,1
46,95954,52966,620,1
49,46149,22613,850,1
51,22036,9453,753,1
54,40559,22713,732,0
49,73064,29663,850,1
53,121730,48570,806,1
45,38504,14439,850,1
54,81070,33644,639,0
54,108617,60716,588,1
53,122392,47243,725,1
46,132629,75598,694,1
49,65334,30706,600,1
50,109982,29365,842,1
51,68353,15584,813,1
51,122967,52998,643,1
50,25432,8697,598,1
46,127215,72385,687,1
52,111852,59281,666,1
55,114919,57344,772,1
46,94782,39239,642,1
46,142918,47305,825,1
44,7304,2607,850,0
54,110205,55984,766,0
46,120285,67961,679,0
50,66232,21724,779,1
51,102339,35102,705,1
48,3081,1324,720,1
42,43541,14499,706,1
47,25839,14573,769,0
46,113763,41978,775,1
52,57209,23512,795,1
47,65795,28489,505,1
57,151806,80001,809,1
56,15856,7943,584,1
53,51778,19416,614,1
52,58457,27942,797,1
54,52687,11591,711,1
46,28583,5345,757,1
50,90691,38543,690,1
45,57645,31531,687,1
37,32443,8921,799,1
34,37893,15460,682,1
48,68684,21635,705,1
51,52384,15243,665,1
49,59663,15572,703,1
47,33678,18421,850,1
46,35220,14827,747,1
48,37980,19977,755,1
45,23500,7355,656,1
50,70784,29870,767,0
44,56978,28033,850,1
53,45066,23028,791,1
61,8005,3722,656,1
41,83706,26367,741,1
51,54577,22267,805,1
55,42476,21322,669,1
53,82019,40599,686,0
47,24601,12890,763,1
53,140288,65514,722,1
48,13139,4651,728,1
51,106392,24044,622,1
47,122993,25336,689,1
56,71862,38230,840,1
43,86160,33430,786,1
55,40826,12615,720,1
53,49109,8544,821,1
54,92457,34578,717,0
52,117939,22998,581,1
53,21120,9757,821,1
37,30984,13942,650,1
53,103134,28877,634,1
66,50924,11305,648,1
52,33041,16983,792,1
46,17609,3468,845,1
51,6092,2156,729,1
57,7229,3990,728,1
45,141619,57072,845,1
46,12640,7230,752,1
54,57256,12195,820,1
50,7520,3489,813,1
49,136366,73637,683,1
53,61989,24671,835,1
41,54686,28655,657,0
53,12735,2738,763,1
54,57597,32311,713,1
46,50691,17944,712,1
48,121020,23840,614,1
51,2656,1343,850,1
49,28941,9000,684,0
50,62512,21254,780,1
46,64606,25131,598,1
48,66586,20441,624,1
57,91070,18487,708,1
59,26089,11140,827,1
48,175626,95013,766,1
53,75261,26717,745,1
38,8984,3458,799,1
52,60225,24632,710,1
61,33007,8647,642,1
52,22265,7703,581,0
53,23800,11495,805,1
51,10503,2384,818,0
41,126634,32038,700,0
42,8996,4327,802,1
52,61789,24344,749,0
44,89559,28569,737,1
50,49415,21594,629,1
50,52661,27225,585,1
48,91749,23304,648,1
50,74750,33338,804,1
55,16715,6184,741,1
49,28689,10414,671,1
58,110861,29267,702,1
48,30686,15250,675,1
48,35308,13487,828,1
42,19872,5564,811,1
48,36996,10876,607,1
50,56314,15936,571,1
47,26018,6712,572,1
62,106879,26933,762,1
51,6214,1770,611,1
53,55485,23914,721,1
47,23806,8784,655,1
46,56516,23680,694,1
50,2529,520,670,1
58,12752,3749,709,0
52,34299,16669,697,1
60,56775,31737,694,1
52,136968,59444,769,1
52,5112,2080,719,1
51,39054,15504,626,1
46,54151,20739,655,1
42,3994,1102,807,1
42,17703,6160,826,1
55,59336,29311,751,1
58,183933,89023,756,1
45,54971,30453,731,1
42,83908,36080,794,1
53,90200,41672,607,1
46,123930,52546,652,1
57,185157,46289,734,1
48,46931,19711,669,1
49,66152,36978,745,1
51,37056,18120,713,0
53,54823,31029,563,1
49,71788,29504,850,0
54,86222,21641,537,1
55,79845,34413,702,1
48,42415,12978,688,0
45,113438,38342,713,1
47,65695,22993,694,1
48,17806,6979,798,1
52,26381,9127,640,1
46,148403,52534,736,1
53,148007,26937,767,1
45,162863,71659,601,1
47,64619,15443,551,1
51,19133,8074,622,1
44,52715,13389,520,1
52,14615,5466,761,1
39,52207,11276,690,0
44,86664,42985,824,1
59,42608,7371,648,1
51,73285,21545,618,0
53,42271,11328,802,1
46,83192,27203,575,1
50,90756,24141,714,1
51,44513,16870,767,1
48,43047,14119,686,1
49,79029,28608,850,0
50,97683,22564,725,1
48,177256,31374,731,1
42,101711,46278,690,1
46,28468,10675,824,1
47,102395,54064,701,1
59,43790,12304,610,1
47,146503,61091,755,1
51,65172,25286,818,1
48,73730,16515,850,1
47,16877,5940,770,1
40,24300,10910,722,1
48,109062,53549,641,1
50,186040,91903,809,1
49,161485,87201,683,1
50,45008,21288,633,1
58,41883,15873,718,1
44,175800,94404,822,1
50,120603,54874,828,1
59,79683,31554,764,1
53,116501,66755,749,1
43,89679,40803,811,1
43,45176,9125,783,1
45,39236,17656,730,1
39,22180,8206,769,1
51,43028,10929,833,1
54,80230,42682,526,1
43,24032,7425,687,0
48,80091,34519,787,1
42,60356,14787,806,0
56,132033,74334,567,1
40,58115,27023,723,1
55,70251,37724,723,0
56,1069,427,633,1
50,64039,20044,834,1
48,31075,11559,806,1
46,82929,15258,778,1
41,108573,52983,773,1
52,25147,4425,667,1
51,37416,10738,753,0
41,48249,20119,666,1
49,57174,30759,747,1
47,69150,12447,751,1
47,41725,7385,688,1
54,37439,18906,736,1
49,181692,74675,597,1
48,15318,3599,773,1
46,70766,29934,663,1
48,99580,20513,787,1
53,19309,10079,661,1
48,52064,26969,790,0
38,101449,17956,729,1
46,108022,32622,748,1
40,122115,45060,676,1
51,4032,1713,784,1
42,173210,39838,665,0
49,13173,4109,776,1
53,77118,29150,850,1
45,144942,69572,714,1
49,65662,19764,792,1
54,103273,44820,779,1
48,34219,17520,560,1
50,13956,3768,682,0
43,1240,234,675,1
51,50252,28141,741,1
48,36223,6809,850,1
49,37933,10507,715,1
56,9260,2277,632,1
57,99615,23210,721,1
49,7540,1364,648,1
45,42762,20525,850,1
45,63265,18663,758,0
51,23714,5549,787,1
52,7648,4259,719,0
51,31260,11222,746,1
47,43307,15936,657,1
51,26102,11745,731,1
49,116347,58406,774,1
57,81068,29751,824,1
54,18352,6716,678,1
47,104526,45573,559,0
57,18825,10579,532,1
57,14932,8152,623,1
63,33476,15265,676,1
54,65895,36308,728,1
46,224417,49371,832,1
49,134417,28227,802,1
42,49967,25133,549,1
56,66298,16640,706,1
57,31349,5674,568,1
54,29167,12075,541,1
55,121708,45031,516,1
45,41559,15252,755,1
54,124424,51635,766,1
51,42834,19575,599,1
48,22382,12354,757,1
49,113291,40218,804,1
51,3009,956,742,1
49,1087,317,797,1
47,55644,23537,606,1
47,9073,4708,592,1
55,50938,20069,570,0
51,7732,3293,850,1
46,11013,3810,780,1
56,36941,12781,609,1
50,105619,39395,700,1
47,110781,24482,676,1
43,101614,21440,721,1
41,102313,55862,552,1
53,57904,10538,770,1
50,5666,2697,733,0
53,123921,52542,721,1
58,58258,24934,716,1
47,70078,36650,593,1
46,99814,42920,667,0
41,103087,34843,663,1
51,98547,32520,760,1
53,262,63,733,1
56,134031,26672,750,1
50,58041,28788,812,1
49,14036,4351,735,1
56,76206,33911,761,1
48,107646,32509,602,1
45,2816,872,743,1
49,38329,14488,671,0
52,99809,41121,691,1
44,164178,35462,714,1
50,52321,10882,736,1
49,7616,2894,642,1
49,40922,9125,722,1
42,93095,42544,723,1
47,41060,19175,693,1
46,42436,21090,702,1
49,67514,36052,747,1
52,96689,19434,761,1
56,126797,39433,850,1
52,131446,31152,718,1
52,12232,3865,785,1
49,197197,36284,773,1
49,94216,23836,671,1
45,20963,11969,724,1
43,8782,2054,497,1
56,169445,62355,569,1
45,69074,12018,667,1
48,34944,13802,850,1
49,113331,40799,644,0
50,588,188,809,1
50,59766,24444,788,1
56,92284,21409,788,1
49,125763,47035,750,1
53,98838,25994,542,1
51,34746,13411,674,1
45,60857,22395,722,1
56,24200,7792,671,1
53,40355,14608,809,1
53,71910,20781,731,0
49,113464,54576,650,1
51,64436,15271,850,1
46,61934,22667,723,1
57,95058,31559,707,1
47,24527,12925,697,1
55,1107,459,679,1
52,60748,12271,786,1
41,9315,1760,789,1
52,146708,64551,667,1
51,167139,47467,773,1
47,103567,34384,850,1
52,127413,53768,733,1
45,112046,34958,552,1
60,24684,9848,795,1
57,20371,7781,819,1
48,99978,25194,719,1
67,138930,57794,680,1
68,193911,105681,815,1
65,35851,16491,569,0
62,3661,1746,755,1
59,75179,17366,850,1
61,116684,37222,850,1
59,134939,70033,651,1
60,85136,36778,713,1
70,86705,43352,697,1
71,56882,12058,850,1
54,154186,78480,850,1
66,34731,8370,702,1
58,49096,12764,786,0
62,52794,25869,594,1
66,1639,545,682,1
64,28623,11649,783,1
60,54123,23543,608,1
56,58098,22890,536,1
61,137110,76096,826,1
55,26503,7288,547,1
48,79916,42675,605,1
62,108294,52414,744,1
55,46810,9268,624,1
66,46909,9194,668,1
64,135119,32698,759,1
64,22304,11062,611,1
57,123997,44390,797,1
62,135792,34626,681,1
59,57041,11636,806,1
64,17675,7158,850,1
61,98675,22497,823,1
62,15715,8957,669,1
57,26461,6826,694,1
62,68655,27599,561,1
50,54782,14736,700,1
57,10253,3998,676,1
64,155062,43882,850,1
64,68199,17186,635,1
55,18364,7584,796,1
55,105285,45061,729,1
64,34253,15585,695,1
64,68235,32957,850,1
52,11305,5923,696,1
61,101638,47160,779,1
64,141925,60176,821,1
64,102390,45358,719,1
63,72447,17242,756,1
56,32521,11642,624,1
65,93015,39252,810,1
60,6790,3177,832,0
53,111322,21151,672,1
59,21085,7780,637,1
61,74097,40308,850,1
57,64548,30595,634,1
61,89813,48049,754,1
64,84646,46893,809,1
68,240436,94491,657,1
59,27795,12063,576,0
50,19833,8151,744,1
60,6953,3177,830,1
54,57973,32406,705,1
55,11030,6099,581,1
71,41563,17248,781,1
60,123299,63129,588,1
59,242322,51856,729,1
66,139533,73673,690,1
58,42375,23052,850,1
60,143648,42088,653,1
63,149695,29939,667,1
67,101364,53418,729,1
61,18718,6888,798,1
62,26823,8261,794,1
67,26389,11848,850,1
58,6966,2702,693,1
56,43553,21384,704,1
59,50206,23094,811,1
65,44086,15562,722,1
61,51465,17292,808,1
52,32470,12176,707,1
57,136455,42301,603,1
61,106696,45132,703,0
64,50501,16362,658,1
61,65695,13139,666,1
57,33930,12893,677,1
68,121209,51998,850,1
65,44263,13057,729,1
48,147236,64636,769,1
64,84095,32965,637,1
55,44146,10506,841,1
61,37164,13750,632,1
65,11032,1974,809,1
62,86513,43689,786,1
61,92177,37147,732,0
56,37516,14593,850,1
58,44404,18916,746,1
57,130671,65988,820,1
51,128719,45823,682,1
62,99066,21101,748,1
58,30511,16720,799,1
60,36017,9400,591,1
68,78484,37672,850,0
53,92559,24713,744,1
57,88387,37210,703,1
60,37163,17838,839,0
63,75774,14624,767,1
53,11684,5503,719,1
60,59517,10355,655,1
61,107433,61236,715,1
59,61407,29720,818,1
70,119823,66142,741,1
60,21310,4794,850,0
55,78942,24787,718,1
60,57194,31456,850,1
58,10458,5710,847,1
63,57856,17993,726,1
54,5978,2110,732,1
50,40589,19036,616,1
66,26912,13375,693,1
56,42923,7468,850,1
56,132158,48898,683,1
58,100885,26532,802,1
53,7835,2601,606,1
56,65668,19831,850,1
65,49180,14458,671,1
54,80469,29049,661,1
60,88469,39368,724,1
64,75650,39186,687,1
59,86004,30359,703,0
63,46118,21906,678,1
55,41542,13625,629,1
58,55559,26779,671,1
52,39962,14186,850,1
56,109883,34942,760,1
59,77586,22189,675,1
52,150726,53357,813,1
65,15637,6708,704,1
56,9331,3004,778,1
55,21809,10533,850,1
52,5852,1562,641,0
58,182421,44875,608,0
65,56796,16698,652,1
60,96436,29509,636,1
55,36348,17083,690,1
51,89512,44935,599,1
55,61748,18153,802,0
48,41935,9141,715,1
61,1688,503,649,1
54,26597,5665,753,0
64,52999,24485,715,1
49,61606,31850,760,1
52,43755,8707,751,1
60,21576,12255,840,1
58,76428,30189,703,1
65,57738,32621,850,1
67,60625,21521,808,1
63,80662,36459,584,0
49,71409,24564,818,1
60,93377,46408,679,0
63,20507,5372,850,1
58,39032,15768,668,1
60,25021,5904,805,1
59,95312,49180,766,1
63,25579,14273,850,1
56,16354,7342,793,1
64,54422,21061,667,1
61,25471,9067,728,1
60,37577,12926,512,1
64,52192,13308,850,1
60,26333,5345,700,1
69,106926,29297,614,1
62,92842,42057,708,1
65,89809,42210,768,1
60,15562,8170,599,1
65,23752,4774,658,1
59,107630,44666,745,0
58,4116,794,750,1
62,38044,10233,640,1
57,116923,22799,740,1
59,39625,10976,785,1
54,74591,38041,850,1
70,140987,58509,843,1
63,62702,17493,727,1
63,14566,3991,781,0
74,71341,28179,810,1
68,104994,50502,716,0
57,24559,5943,627,1
57,37909,19523,801,1
54,119536,30840,808,1
57,152247,48262,602,1
56,12126,5893,850,1
65,28224,15099,807,0
59,154712,55851,807,0
62,107553,50765,584,1
48,49176,10818,850,1
54,151099,81442,627,1
59,56084,13740,780,1
62,68408,19017,850,1
61,99477,20492,720,1
54,64733,27640,653,1
53,61379,34556,837,1
61,9061,3905,589,1
60,29557,10522,666,1
60,40525,9239,705,1
62,144682,29804,814,1
60,165284,41651,682,0
63,55234,11102,726,0
58,98036,31469,649,1
51,86695,23667,723,0
68,43490,20309,681,1
60,99103,38551,850,0
53,131796,75255,807,1
59,53423,30451,768,1
68,54936,28786,745,1
57,88410,15471,850,1
51,38289,19029,601,1
55,86204,40084,733,1
62,167793,37250,742,1
54,45115,17414,523,1
61,67033,16557,698,1
61,63855,28096,832,1
65,62719,15240,722,1
60,43544,17417,726,1
69,48902,25820,793,1
70,57469,13850,850,1
68,105847,25932,765,1
65,44768,10386,807,1
64,20085,8074,630,1
55,186082,45590,834,1
67,63191,34755,737,1
64,75614,17769,594,1
64,37609,9590,842,0
58,46986,21613,686,1
61,49692,20025,624,1
60,11134,2416,850,1
52,29355,14061,689,1
64,24101,13327,673,1
55,30402,5685,798,0
58,18787,7458,850,1
58,35229,13880,795,1
65,120372,38519,836,1
52,12408,2345,663,1
59,25500,6834,534,1
55,15389,8033,802,1
59,81716,27620,638,1
53,108823,36455,710,0
62,41548,20566,618,1
59,31029,13280,702,1
68,147017,42193,745,0
64,115108,51913,676,1
60,73980,33734,850,1
52,62735,21267,821,1
60,1362,458,663,1
54,25825,8599,723,1
62,50619,24347,801,1
52,17233,3532,822,1
49,61889,31625,724,1
57,37021,16252,680,1
56,82378,41271,754,1
61,141048,39634,742,1
61,104443,59219,619,1
64,35320,15894,837,1
65,6576,2143,724,1
59,35975,19678,704,1
64,5611,1756,782,0
59,125802,37992,850,1
66,123712,22268,850,1
58,14113,6421,728,1
55,148589,47102,726,1
58,53734,22622,659,1
60,107664,19379,850,0
53,28289,15587,678,1
58,53889,28130,758,1
61,10723,3699,631,1
61,132237,75639,653,1
68,8559,2533,441,1
57,141078,33999,850,1
62,23222,8592,805,1
60,16607,8818,850,1
65,15450,3677,710,1
55,3627,732,650,1
60,6271,3110,802,1
61,100397,48090,632,1
56,70712,26517,766,0
63,43021,10970,630,1
50,43440,16507,829,1
58,180101,69518,767,1
62,136364,23727,784,0
54,44578,25454,711,1
58,108426,32853,735,0
63,44095,17241,627,1
48,127349,22795,710,0
66,10633,2785,831,1
58,1773,592,711,1
56,110342,58591,730,1
60,27757,13545,850,1
58,20547,6985,641,1
58,16598,6888,715,0
58,29968,16032,827,1
48,43118,18325,741,1
63,8278,1432,721,0
50,9399,3421,822,1
60,51862,17892,722,1
58,2860,1547,771,1
57,88738,24757,684,1
62,82562,45078,691,1
57,107828,59628,822,1
56,36286,7583,718,1
61,57186,13610,662,1
62,88483,43268,710,1
55,52829,17275,635,1
57,36583,17230,807,1
60,159583,71333,738,1
59,61261,18071,812,1
62,76060,33998,597,1
56,65172,31021,765,1
63,54084,22823,630,1
58,67926,38717,554,1
64,118787,43951,847,1
63,51327,17091,628,0
71,101733,38149,691,1
65,116480,27605,850,1
56,1178,591,762,1
67,29222,9935,690,1
70,98379,22233,807,1
49,142136,31696,812,1
58,4147,2090,517,1
65,131887,30334,721,1
54,25876,4735,757,1
70,74630,20000,793,0
58,57570,23546,850,1
61,190749,62756,784,1
59,64771,12371,748,1
55,2790,647,850,1
53,19843,6429,647,1
60,83454,24452,539,1
63,37938,13240,623,1
53,177514,87869,813,1
60,130175,52851,559,1
61,25948,7291,848,1
56,87024,38725,594,1
53,73202,30891,766,1
63,43213,11105,638,1
59,101448,21608,734,1
62,61650,34524,833,1
60,71358,19908,740,1
55,60803,21341,835,1
58,140842,45210,850,1
62,2628,654,659,1
65,89072,33045,771,1
56,31800,14214,786,1
59,139425,33601,759,0
54,19260,6452,850,1
71,90827,23615,745,1
58,134253,50747,752,1
56,36502,13907,720,0
55,12448,3622,838,1
57,195,44,693,1
69,57407,21068,751,1
65,113174,47872,702,0
69,51411,15577,672,1
62,13710,6032,736,1
54,61350,13987,843,1
58,21864,9292,685,1
50,39393,22572,850,1
58,46224,9013,803,1
57,48658,25107,809,1
61,155133,60657,707,1
66,37352,19460,701,1
60,66030,37835,848,1
51,31410,11056,754,1
68,178980,54946,601,1
61,157249,79882,850,1
68,98012,35284,706,1
62,95976,41269,546,1
70,62627,25176,850,1
68,105882,54529,673,1
61,91603,17404,563,0
53,41102,22400,850,1
58,63342,34331,789,0
63,113540,32472,841,1
60,44154,16204,797,1
61,76733,31613,803,1
61,76427,31105,838,1
56,95893,46603,626,1
57,94000,34216,776,0
62,9001,1890,727,1
55,117130,23660,850,1
55,16542,2878,716,1
57,62967,29342,838,1
52,672,369,651,0
50,125284,45102,802,1
69,124025,22448,680,1
51,60115,33544,835,1
66,164652,51206,638,1
61,10745,5630,618,1
53,83397,47202,686,1
58,6383,2310,798,1
55,45532,22857,589,1
52,140893,37759,845,1
66,50824,28359,778,1
62,245043,98262,782,0
62,70447,27756,721,0
58,74567,16404,697,1
66,80540,19249,736,1
65,77253,15914,801,0
52,1446,600,714,1
61,115240,60501,730,1
63,83761,31326,765,1
63,21393,9904,820,0
63,9439,5191,634,1
54,26071,12227,668,1
57,116720,26378,721,1
55,7463,2149,576,0
85,91064,36789,795,1
97,57398,24508,510,1
69,90072,44945,682,0
89,7695,3839,770,0
92,23584,10919,594,1
81,92708,26421,714,1
88,32827,9585,666,1
59,153258,71571,780,1
81,36206,8906,850,1
68,16714,6886,751,1
72,11216,4845,750,1
80,44821,13804,727,1
79,54517,20062,794,1
81,125414,31102,815,1
94,87899,20304,634,1
92,23543,7486,771,1
74,32882,7299,640,1
82,28238,6635,717,1
94,109420,35999,812,1
79,162044,75026,846,1
92,55866,13184,728,1
85,118615,23129,667,1
70,47097,20016,759,1
84,30829,14643,850,1
78,58152,28668,712,1
81,80901,32603,751,1
81,64229,35133,817,1
101,96657,51614,791,1
75,58781,14754,846,1
71,73389,29502,650,1
84,106813,42511,739,1
63,21193,4132,532,1
82,33538,16936,850,1
88,3550,1089,786,1
68,172107,43715,832,1
55,7607,3263,747,1
88,57040,13461,850,0
74,130358,73912,759,1
82,171951,55196,621,0
76,50341,21898,726,1
96,12429,4785,749,0
79,17219,8333,721,1
81,110824,22718,787,1
80,65725,14196,589,1
98,84028,35291,709,1
82,39235,20912,758,1
92,71458,13005,678,1
86,6320,1927,649,1
78,94606,30368,655,1
86,71289,28016,662,1
81,109699,50242,756,1
96,24235,8845,676,1
84,53384,26585,839,1
93,46990,16399,691,1
83,54787,28598,581,1
77,103998,34527,840,1
85,87220,29567,731,1
91,97837,35808,711,1
75,48438,10559,850,1
102,20218,8410,761,1
99,18329,6286,850,1
79,38806,17191,787,1
76,59110,18915,648,1
104,14736,5024,736,1
66,3382,1295,726,1
102,122568,36770,701,1
77,46187,16534,648,1
92,29789,10396,813,1
81,44041,12375,721,1
97,63603,16091,705,1
72,12035,5475,675,1
94,65167,27695,772,1
85,30063,11484,767,1
88,9550,4545,715,1
87,26275,11561,850,0
90,80654,24518,850,1
92,46460,22904,749,1
84,85124,22047,850,0
72,116817,27802,849,1
94,43868,8598,678,0
82,48279,19504,749,1
86,116232,57418,728,1
90,66826,17909,850,1
87,12671,4320,737,1
79,112106,39797,850,0
95,126118,58014,698,0
81,17964,6862,782,1
101,2567,1296,692,0
93,100196,23245,669,1
97,41431,22289,726,1
85,2073,582,780,1
54,44166,17180,850,0
89,49105,27155,846,0
87,107571,40016,745,0
73,54847,12669,641,1
80,48995,15237,623,1
92,94460,29377,850,1
87,155181,69210,661,1
56,85486,44452,767,1
95,185,100,808,1
95,67415,17595,850,1
98,963,235,850,1
83,62223,26258,685,1
84,122247,51343,525,1
70,134907,51534,678,1
80,16494,5822,803,0
92,8821,4763,782,1
92,22323,6406,762,1
89,95613,30978,628,1
79,17862,3215,816,1
85,36637,7876,711,0
89,33696,12231,672,1
81,176826,96370,836,0
98,26470,13817,710,1
95,116338,62240,727,1
89,32382,17907,838,1
84,91968,31545,705,1
93,13871,7462,779,1
75,58908,19498,720,1
77,20554,8694,679,1
77,109904,29014,701,1
87,56993,20232,681,0
94,16106,5331,722,0
72,125287,42096,850,0
86,31448,9780,842,1
84,78873,41644,796,1
85,80773,25120,789,1
87,93861,45053,724,1
82,87889,16698,626,1
81,38562,20129,766,1
84,2006,527,766,1
110,11031,2768,812,1
92,149983,72141,838,1
91,100348,25087,802,1
62,75472,32000,604,1
82,31186,13877,709,1
90,77604,15132,594,1
81,29773,14499,850,1
89,77342,37124,848,1
81,31376,7718,640,1
84,93849,22711,725,1
79,92958,27794,753,1
97,17467,9641,741,1
74,76190,13638,850,1
82,134149,62513,802,1
102,30197,7760,685,0
94,31482,10640,682,1
102,53402,26861,620,0
72,63611,19783,718,1
75,60182,22387,781,1
96,130396,25948,706,1
85,27689,6451,643,1
90,11602,2320,782,1
80,52299,13336,698,1
70,37341,9148,697,1
75,73691,21591,850,1
90,35003,14316,549,1
94,13336,2613,773,1
77,51660,25468,850,1
87,14613,3565,850,1
74,41928,13500,652,1
83,18409,6811,687,1
88,59220,22503,724,1
80,18432,8644,850,1
79,123673,54539,646,1
87,76079,13465,610,1
67,37406,12007,793,1
98,39899,13805,704,0
87,18023,3478,777,1
75,157323,27688,573,0
75,34445,16361,610,1
87,91836,41326,850,1
77,62637,22737,708,1
109,119520,26294,622,1
93,41352,7319,631,1
84,109535,38556,635,0
80,38174,8932,673,1
72,151487,29691,648,1
95,32930,7376,850,1
81,32838,13660,736,0
91,84834,15694,850,1
74,3088,1426,709,0
87,26236,8211,843,1
82,12173,4090,792,0
93,1356,520,826,1
66,47377,9949,786,1
69,141817,59563,770,1
87,24983,4596,732,1
89,11247,4757,784,1
80,49247,23244,706,1
76,26821,10594,850,0
80,143890,81153,848,0
99,46661,12551,696,1
80,48761,12580,670,0
74,16775,5619,808,1
82,21439,10547,824,1
82,10653,5486,754,1
74,120213,45680,849,1
103,80261,24800,542,1
80,101221,39982,795,1
88,2857,874,681,1
84,17252,8626,602,1
76,81348,24323,710,1
96,43000,12900,785,0
93,13763,5395,809,1
86,20350,6105,705,1
85,10415,4478,762,1
69,51887,24386,775,1
99,38246,9179,688,1
89,131262,39116,663,0
103,52768,20737,751,1
91,41145,8517,711,0
81,56383,27120,616,1
78,70441,16483,844,1
80,147279,79972,725,1
101,57795,25892,630,1
95,106591,26860,850,1
83,101144,49560,703,1
94,131570,33813,850,1
75,52488,27976,850,1
95,69826,26952,750,1
69,97648,41012,694,0
85,73565,31265,808,1
80,30586,11959,698,1
89,57845,23832,703,1
75,82507,33910,679,1
70,27097,15336,850,1
100,51768,26194,578,1
72,37989,7179,849,1
106,24919,10914,723,1
93,108084,58581,850,1
74,31374,17036,850,1
71,28869,10450,850,1
81,100759,33250,850,0
88,88754,27069,624,1
85,124080,27793,631,1
89,46962,15544,756,1
102,69645,19709,697,1
64,52748,19516,848,1
99,105141,56881,711,1
82,104477,56208,777,1
76,92752,31164,750,1
73,18337,6693,850,1
96,50211,8987,636,0
90,141049,25953,623,1
65,15613,2919,696,1
54,26704,9880,730,1
82,26518,11827,785,1
90,62933,15859,775,1
80,74490,39926,652,1
87,24394,11953,695,1
72,13600,2842,640,1
88,19770,6010,766,0
78,14480,3576,653,1
94,113976,62002,745,1
84,97879,41304,725,1
74,41750,23380,850,0
95,5160,2693,674,1
86,44994,10663,850,0
79,192371,97147,727,0
66,33819,15320,789,0
73,87801,42759,842,0
93,53960,20936,850,1
96,112978,46546,705,1
87,6145,1302,850,1
84,32713,18090,787,1
80,51165,14121,807,1
77,78758,17799,723,1
79,37500,17137,808,1
91,17103,8551,850,1
90,13355,4393,736,1
74,804,299,709,1
72,1893,742,803,1
88,37907,12926,786,1
101,105123,25755,822,1
85,81768,46035,835,1
78,59893,17848,767,1
91,32560,7032,703,0
87,132593,31557,624,1
88,26470,5346,676,1
79,105456,21513,785,0
98,30851,13666,588,1
78,52961,17318,785,1
88,70866,28062,819,0
89,72787,33409,669,1
84,44990,10572,758,1
76,77782,36090,728,1
87,111807,22585,774,1
71,23501,9823,677,1
74,1279,386,713,0
99,53156,27747,776,1
84,110322,33427,636,1
92,31311,14590,850,1
100,56024,21065,701,1
80,85830,21886,848,1
96,48293,22649,758,1
95,74614,27457,684,0
94,45870,21100,581,1
91,15543,4927,519,1
82,34671,12134,576,1
89,12005,3493,692,1
77,58926,32350,809,1
90,122172,23334,792,1
68,27663,13056,649,1
77,83033,23913,649,1
77,60338,17860,749,1
87,92680,22706,661,1
91,95430,37026,730,0
66,77005,15632,794,1
84,39390,11383,706,1
97,73789,18004,808,1
100,75305,42095,745,1
114,51372,27792,850,1
90,42060,14678,824,1
83,73809,26054,692,1
68,5179,1734,667,1
96,143299,35968,623,1
70,4074,1759,672,0
79,58733,14037,850,1
74,31855,10448,801,1
79,56832,13014,795,1
92,110101,56702,605,1
81,63001,14427,742,1
91,58551,30446,742,0
78,130498,64727,741,1
98,104470,51085,609,1
89,144680,82178,850,0
93,51543,24379,787,0
90,70770,23707,850,1
63,67307,27797,636,1
96,51941,29190,728,1
72,95035,53789,832,0
90,88922,36902,600,1
80,40681,18306,835,0
89,86076,20400,530,1
79,95066,31276,824,1
79,96053,18730,801,1
105,41875,18843,773,1
69,90515,36749,628,0
73,220167,58784,738,0
86,28554,8252,821,1
89,77600,42835,639,1
73,83210,20719,719,0
91,37594,11917,681,1
77,13814,3798,850,1
87,60298,15134,806,1
76,72549,37217,807,1
81,18053,4278,812,0
85,61672,35276,835,0
73,79350,36580,782,1
73,47149,23574,761,1
73,21800,8000,850,1
77,42902,22523,605,1
89,90244,18409,723,0
76,27650,11087,645,1
69,9164,3390,850,0
79,32066,10998,570,0
80,83981,36531,772,1
80,37902,21111,785,1
71,86966,43135,698,1
59,13236,3057,710,1
82,145434,72280,735,1
106,59458,28004,792,1
80,58345,24971,728,1
72,6808,3090,707,1
84,44605,19358,650,0
83,42219,23895,730,1
78,63404,24473,503,1
112,69679,23133,674,0
86,40864,12790,850,1
88,33854,15200,742,1
80,92266,48531,820,1
97,68812,15001,632,1
82,77648,30515,738,1
81,77655,23995,850,1
89,104942,34945,756,1
55,145974,43646,741,1
81,91517,25533,776,1
91,59212,11427,850,1
105,41517,16938,850,1
91,80546,38259,757,1
76,145272,26439,850,1
61,90030,49066,790,1
77,70359,34124,761,1
96,123306,39704,850,1
74,85024,33159,808,1
98,50018,16605,675,1
69,25521,4925,821,1
74,93901,50612,795,0
79,56470,16771,628,1
77,141328,68261,850,1
85,10873,5045,805,1
75,66201,37403,586,1
73,112822,53139,642,0
78,37250,17693,743,1
83,40037,22500,716,0
82,92012,38276,741,1
81,68966,17379,666,1
107,58288,17369,796,0
81,48455,22531,755,0
71,14995,4828,775,1
103,35877,20162,849,1
91,63102,30036,748,1
87,36686,15701,705,1
75,21116,7728,649,0
94,52692,20075,714,0
86,131102,60962,656,0
89,113805,54284,702,1
96,51593,24093,593,1
87,48511,26632,820,1
86,98440,49810,790,1
82,69154,13415,747,1
105,15694,6450,797,1
94,46103,10373,680,0
67,121384,62876,800,1
82,95021,47700,501,1
82,47626,25479,717,1
71,35392,8989,829,0
97,77995,28624,850,1
95,79226,31611,850,0
97,46531,11958,850,1
