22,53984,16573,581,1
26,8848,4990,802,1
26,76296,34485,575,0
23,26571,12727,706,1
25,13252,4253,635,0
20,52347,30465,630,1
18,3557,1451,747,1
22,3766,2361,771,1
24,37130,13849,610,1
27,58190,27232,683,1
22,54180,17825,710,1
20,55477,16254,603,1
18,12245,6171,787,1
22,60687,16264,685,1
23,39653,25774,611,1
18,11048,6794,739,1
22,68596,33200,582,1
19,1420,458,801,1
24,18699,10190,634,1
20,15016,5555,650,1
18,29488,8492,795,1
22,24998,7349,739,1
26,23581,10469,682,0
18,38532,19535,664,1
23,34241,10683,740,1
18,90721,30935,639,1
21,22713,12378,586,1
19,35191,11085,566,0
21,1455,630,552,1
25,19293,12193,623,1
22,3379,1196,608,1
26,83870,44283,562,0
28,57238,32854,635,0
26,48180,26547,604,1
20,74312,25711,635,1
23,22504,10194,782,1
18,37911,16794,807,1
22,17144,10063,672,1
26,76507,27312,613,1
18,5741,3570,685,1
23,56510,20287,783,1
20,51154,31817,622,1
25,8877,4305,670,1
18,56541,23238,809,1
24,40034,17494,483,1
23,26189,8092,727,1
22,37818,13803,776,1
25,41739,20577,782,1
21,12106,5556,738,1
21,16237,10375,649,1
22,7504,3159,768,0
19,63458,40866,678,0
20,45887,21108,492,1
21,14455,8282,686,0
18,62917,21454,663,0
21,16664,5499,740,1
22,62431,39830,697,1
21,21549,14222,606,1
21,72936,44199,594,1
22,24855,16006,662,1
26,71521,42125,555,0
24,115328,33329,622,1
26,50433,25266,850,1
20,23511,12296,757,1
25,10692,5987,575,1
19,34610,10867,776,1
21,40203,14875,608,1
19,44746,15258,804,1
19,25264,7503,727,1
18,10132,3931,535,1
22,51815,27047,768,1
24,42733,23973,817,1
22,21780,7252,596,1
24,43304,15113,631,1
20,9545,2720,748,1
22,73614,26132,730,1
20,50698,18758,728,1
22,22424,6929,615,1
19,62836,21804,698,1
21,119194,55067,690,0
22,37398,18848,693,0
21,9445,5213,622,1
19,54932,16479,635,1
24,24368,14377,814,1
25,51279,31587,620,1
22,47564,24543,714,1
19,21341,7874,602,1
27,43888,12288,694,1
29,14014,7049,747,1
24,11427,3725,520,1
25,35060,9361,682,0
24,93720,45547,775,1
18,11508,3970,730,1
20,62873,32065,541,1
22,77618,33686,715,1
19,39929,13056,836,1
18,44777,22164,668,1
20,44635,28253,753,1
18,63551,27771,651,1
23,57125,32161,689,0
18,26308,7892,746,0
19,23913,11980,658,1
22,15389,9541,559,0
25,28563,8083,658,1
20,30700,12280,684,1
22,21554,8384,729,1
18,17641,5468,578,1
21,33990,21549,675,1
24,35686,18449,665,1
22,76718,43959,507,1
25,69636,19846,691,1
28,84234,47507,760,1
25,28169,7577,647,1
25,64234,31860,660,1
25,59638,29043,667,1
22,41379,26979,681,1
21,7304,2403,824,1
18,21964,11772,555,1
24,92322,33697,785,1
25,49680,23250,736,1
26,56641,27414,695,0
24,46109,27019,614,0
25,30929,8938,642,0
19,93426,26159,761,0
19,85661,43001,735,1
22,13254,6640,676,0
18,43481,28132,571,1
26,39887,16154,622,1
22,84325,38958,731,1
18,29925,10204,743,0
28,54218,29006,769,1
23,5768,3132,554,0
18,4428,1682,635,1
20,45635,24095,717,1
25,121688,55733,829,1
19,42633,25281,631,1
20,2636,1531,753,1
20,33805,13860,715,1
26,23468,13822,784,0
19,39223,15100,724,1
26,4291,2214,604,1
18,45716,13714,647,0
27,35216,20319,513,1
24,1119,728,692,1
23,93680,51430,698,1
20,58665,33439,592,1
21,38389,18196,775,1
20,37460,10638,635,1
23,51665,14259,754,0
18,26516,13231,665,1
25,20517,6401,636,1
20,23755,6603,656,1
22,24606,14173,816,1
21,60505,21660,707,1
18,9091,4218,754,1
25,41850,24900,562,1
27,15003,5821,629,1
18,17568,6798,617,1
26,56307,22016,595,1
25,55143,21174,647,1
23,77270,42266,776,1
22,17596,4821,790,0
25,29070,9447,584,1
19,43852,17409,589,1
26,57656,22774,707,1
22,47527,17489,653,1
20,88412,52163,594,1
20,26237,16345,756,0
23,50392,24944,777,1
18,2081,811,475,1
20,43835,27922,729,1
24,20051,9584,720,1
18,15080,9651,562,0
20,74259,36461,717,0
21,60405,20718,630,0
26,50369,16621,543,1
18,11182,6172,602,1
27,22652,10510,764,1
22,92266,42811,718,1
24,53397,30596,818,1
24,49658,18373,644,1
21,79138,26748,597,1
22,34568,14760,636,0
21,65484,17615,651,1
21,17633,11531,703,1
20,80699,42447,712,1
24,27381,13964,780,1
26,15540,4382,624,1
23,33476,16972,652,1
21,53953,32102,725,1
23,47745,30461,670,1
19,1304,740,700,1
19,49807,21267,528,1
24,110949,60689,707,1
18,1835,972,671,1
18,8433,2605,736,1
22,59766,26894,608,1
20,30853,17123,631,1
21,48099,18806,540,1
18,35627,15640,700,1
24,17264,9892,630,1
20,48427,30944,660,1
20,41022,22480,849,1
21,52618,32360,596,1
20,18152,9765,675,1
25,34838,16373,767,1
22,74387,26630,707,1
18,24738,13111,637,1
23,43983,15745,587,1
19,13181,4995,697,1
19,76703,47018,670,1
24,57289,37925,657,0
20,25599,11749,677,1
24,38871,13799,522,1
25,11071,3177,632,0
19,64062,36899,684,1
21,45133,16428,693,1
18,51633,25971,741,1
23,36550,20687,659,0
18,63432,19790,648,1
20,47458,14617,745,0
22,38500,10356,702,1
21,87084,42584,471,0
25,44708,18777,751,0
21,35555,11555,597,0
23,45965,26337,647,1
21,43108,16596,655,1
20,48368,20943,669,0
18,34184,9298,611,1
19,2745,1512,709,1
19,40551,24898,782,1
25,26543,9528,557,1
21,44768,13788,674,1
19,80464,51094,762,1
22,52671,17170,673,0
18,77604,36861,753,1
21,45127,13853,579,1
27,10045,3244,600,1
18,26630,8068,562,1
26,8592,4321,783,1
25,3771,1949,770,1
22,18517,11610,700,1
21,32835,11492,648,1
19,49612,30263,733,1
19,63038,18091,680,1
20,60856,37061,611,1
22,66190,43685,502,1
18,13354,4553,793,1
25,62118,33854,645,1
23,25031,12590,751,1
22,20844,9025,677,0
26,108493,41335,780,1
21,33067,8795,655,1
20,52691,34354,614,1
24,33094,16646,582,1
18,36690,21133,673,0
24,571,189,696,0
22,115915,69433,686,1
18,25781,16138,688,1
21,47167,13159,625,1
23,9503,4124,672,1
22,9181,5049,707,1
18,51621,29217,649,0
18,36897,14205,691,1
23,17028,8837,809,1
18,12092,4703,735,1
21,61150,34366,637,1
22,21075,10010,703,1
23,96205,33383,800,1
23,50177,21776,611,1
18,6573,3937,823,1
27,37711,11765,532,0
26,42596,18401,560,1
18,76434,24306,611,0
22,39020,16895,629,1
22,30478,8320,685,1
20,16066,7904,608,1
18,51794,24343,561,1
25,68743,36640,595,1
22,11169,4635,499,1
27,66796,31260,604,1
25,24292,9595,734,1
23,8607,4286,716,0
25,30129,14281,796,0
21,2863,781,727,1
22,11039,6634,699,1
27,18762,11519,563,1
18,42975,16330,658,1
18,8902,4504,668,1
18,56720,31593,700,1
23,95274,38681,487,1
19,39400,11386,572,1
24,34502,13007,732,1
18,8299,5319,698,1
24,54497,20218,655,0
23,55852,34739,666,1
20,26958,12104,583,1
24,8922,3577,722,1
22,38164,21066,696,1
18,78985,24327,580,1
26,30323,16010,559,1
23,42129,12343,621,0
24,13332,5666,593,1
22,4010,1118,578,1
23,41275,15271,741,1
27,15341,5323,665,1
22,32262,20712,711,1
18,155,60,747,1
23,40090,23572,733,1
24,13194,5435,660,1
24,48099,12601,673,1
18,53448,25227,717,0
27,48159,26969,569,0
20,1226,625,672,1
27,4983,2371,745,0
38,59153,32948,699,1
29,48150,17622,640,1
32,96901,34690,819,1
31,16656,10859,688,0
29,92224,35414,692,1
25,67071,17639,770,1
30,66702,34951,687,1
32,28017,15885,657,1
24,61868,32109,590,1
30,17108,9375,635,0
23,26350,7720,665,1
31,85795,25137,610,0
33,42250,26321,650,1
23,35454,22087,711,1
43,34792,10402,665,0
24,37974,21493,635,1
31,66070,35083,716,0
33,106340,57636,701,1
32,51276,27586,727,1
33,145801,62840,633,0
33,9031,3711,792,1
29,57970,27361,621,1
25,104402,31111,601,1
30,108003,50113,615,1
24,62761,37028,694,0
26,56437,30532,701,1
21,120808,35396,565,1
27,102699,44365,642,1
24,50089,27699,645,0
25,141805,40414,677,1
20,48956,16693,682,0
30,59780,16319,761,1
28,43530,20415,847,1
29,10991,6528,660,1
21,7747,4346,784,1
26,69779,21282,732,0
30,27031,11380,773,0
27,99138,38465,706,1
35,66842,31215,560,1
22,26710,13862,658,1
36,78754,22287,680,1
32,42100,12924,708,1
35,23074,7499,636,1
29,72414,20348,473,1
28,114359,61067,744,1
38,54656,22682,708,1
29,102282,60346,597,1
30,55104,34935,713,0
18,63399,41843,619,1
25,56573,20762,683,1
34,73212,44000,662,1
26,53731,16871,728,1
36,104491,37721,781,0
23,68212,31036,769,1
22,99615,30183,739,1
27,39470,11170,653,1
32,23892,14454,577,0
24,21384,13365,688,1
38,8786,4603,745,1
26,13958,7676,673,1
36,41061,22706,707,1
31,71344,32390,588,1
30,64711,41609,646,1
31,59042,31705,670,0
20,18421,6834,709,1
30,30618,20177,838,1
30,54059,18650,733,1
33,16964,5716,730,1
28,117464,56852,665,1
29,6173,2623,696,1
34,23542,6474,768,1
32,35875,22637,719,1
36,48554,27821,850,1
27,109085,33816,576,0
28,12670,3382,755,1
35,32778,16192,780,1
34,154555,53321,850,1
30,21057,6296,693,1
22,50964,25736,703,0
25,39594,17302,634,1
25,91753,47803,666,1
27,94950,35986,679,1
27,7901,4440,678,1
29,69469,41056,698,1
26,35078,23046,623,1
19,83566,32089,624,1
37,54435,29830,629,1
34,18496,8008,716,1
35,84798,29255,626,1
37,49196,16431,719,1
42,29356,15353,586,1
38,69837,40575,639,1
24,15943,5882,673,1
21,10042,3554,573,1
24,11908,5334,808,1
35,10465,5389,693,1
22,91731,43480,790,1
26,81633,38040,740,1
28,27362,17019,761,1
26,8395,3097,616,1
23,20252,11442,709,1
21,58367,30350,647,1
28,15242,6752,751,1
31,30062,8717,670,1
32,49963,16287,700,1
26,155729,75061,780,1
30,7950,4308,702,1
36,129004,65663,676,1
35,74623,31864,571,1
25,17091,8989,712,1
36,56696,31522,669,1
36,85222,47724,582,1
28,96329,59146,635,1
31,9370,3185,716,1
27,103766,53958,642,1
22,66394,41695,781,1
29,57128,25707,773,1
43,946,607,687,1
25,11796,3456,717,1
22,120204,45797,649,0
35,55047,20257,676,1
21,65679,25746,638,1
31,64102,20704,652,1
25,45172,12377,560,1
27,44766,18936,689,1
32,54730,32947,714,1
26,81653,41724,552,1
40,750,336,655,1
34,37963,14274,671,0
25,35120,23073,638,1
33,35150,17891,681,1
38,48995,30817,584,1
27,18504,7198,640,1
39,38855,20398,690,1
33,107236,44931,736,1
32,62734,17565,591,0
30,150855,43446,544,1
36,172351,53773,607,1
26,39986,16714,745,1
30,100127,45057,680,1
41,80455,45296,674,1
28,97464,39083,611,0
26,66600,39960,726,1
36,28731,13733,782,1
31,16697,10352,725,1
30,15579,4299,771,1
25,159628,76940,679,0
37,21108,9836,691,1
32,61889,28654,645,0
27,27863,11591,716,1
24,3414,1416,644,1
32,77813,46376,774,1
36,55600,28967,655,1
36,85255,31714,712,1
33,25930,11253,814,1
32,68701,39915,551,1
37,30478,13349,664,1
30,26405,15314,673,1
34,88270,32748,752,0
28,34668,18374,691,1
33,66243,38023,850,1
39,83742,50077,842,1
22,22609,13203,699,0
22,46360,17663,778,1
30,50299,14737,627,0
27,41521,23750,618,1
32,7437,4707,592,0
24,88243,53739,738,0
28,87965,44334,677,0
27,5115,3334,696,1
28,29588,12190,668,1
29,25458,12805,643,1
29,10619,4098,632,1
40,55760,24813,740,1
35,116217,56481,788,1
29,112402,30573,520,1
25,31139,11770,627,0
31,102602,47812,608,1
31,101554,30466,692,1
32,40900,14601,652,1
34,133948,75010,656,1
24,84695,50224,721,1
26,15144,5527,636,1
37,24397,7660,542,1
22,79602,35900,686,0
28,64943,17209,758,0
37,30582,11468,659,1
32,64221,29670,637,1
29,5076,3233,635,1
26,144084,61091,673,0
21,36370,12438,782,1
33,97831,51948,606,0
37,3044,1150,490,0
26,75998,36555,556,1
27,34719,15102,544,1
30,104525,46931,755,1
30,92906,43201,656,1
27,20068,10194,725,0
26,45582,26665,590,0
32,55695,28738,662,1
28,16488,5325,731,1
33,80427,45602,543,1
37,13471,7651,744,1
35,2787,1396,834,1
18,77444,23465,711,1
34,20815,5661,850,1
31,15654,5979,738,0
32,19509,5891,587,1
30,83836,32779,823,1
22,26084,12598,642,1
26,12840,5521,597,0
29,109955,61244,587,1
23,87493,36309,850,1
28,128094,42142,704,1
31,27541,17984,639,1
30,51964,20317,615,1
28,25743,8572,681,1
28,100939,59856,784,1
31,81302,23496,826,1
28,154567,98922,598,1
25,29494,11030,601,1
24,48429,27023,635,1
31,75197,43163,695,1
34,104407,29964,527,1
29,24847,13964,834,1
33,41634,24230,580,1
23,11636,3735,738,1
27,15415,8848,629,1
18,36293,17856,648,1
27,88630,39351,790,1
31,84991,36971,664,1
34,40448,19617,756,1
30,14653,6007,550,1
28,108437,34482,580,1
35,67690,27752,567,1
40,59835,30994,700,1
29,24058,8011,713,1
24,52576,22134,610,0
23,38277,17951,663,1
23,62536,17134,497,1
28,68714,37517,604,1
28,5581,3672,663,0
24,39454,22015,726,1
23,110854,61080,758,1
31,10409,3497,632,1
27,25403,11659,663,1
22,19023,7323,708,0
30,56006,32875,754,1
28,3565,2299,684,1
41,57801,28033,673,1
31,64194,30106,592,1
35,49774,22597,665,1
28,93238,34871,684,1
32,83187,21878,515,1
35,54336,14888,701,1
29,7055,3047,646,1
29,6749,2983,610,0
32,974,387,733,1
29,63069,28444,720,0
28,52198,29857,669,1
21,58588,35035,672,1
30,78770,38518,669,0
27,106067,63109,655,1
39,24932,16480,584,1
36,25163,6643,584,1
29,64505,33349,762,1
24,1347,751,694,1
33,62107,39313,573,1
38,65409,37544,708,1
32,55697,20552,802,1
37,52594,34028,518,1
31,73357,33377,499,1
27,1737,571,646,1
34,58184,32757,706,1
35,35861,11296,681,0
30,86810,52086,754,1
33,50969,33741,747,1
32,22491,8096,589,1
18,7387,4225,496,1
38,60614,25215,585,1
18,48478,31559,648,1
25,6213,2099,567,0
31,95457,49446,626,1
24,86065,49745,589,1
36,60284,34904,716,1
38,51275,30713,593,1
35,1982,973,654,1
30,52413,14151,674,1
26,75012,47032,775,1
36,68470,24512,730,1
29,92431,31796,726,1
33,109588,33205,723,1
26,38430,16486,645,1
32,55263,19618,850,0
27,3077,1812,661,1
34,39691,19210,761,1
28,43282,24627,728,1
20,42370,17075,565,1
34,126130,69119,799,1
24,1395,917,682,1
26,46400,28350,625,0
22,10567,6752,828,1
36,45340,19586,683,1
32,21314,6543,572,1
30,22137,6176,580,1
30,70647,40268,650,0
34,38808,23634,560,1
28,93448,27099,633,1
31,38257,24675,729,1
24,143283,59175,694,0
33,21141,6934,685,1
37,31077,8794,627,1
35,18968,12006,725,1
36,108319,57842,643,1
27,7064,3327,750,1
32,137511,48266,758,1
42,71592,41523,726,0
45,17834,8792,724,1
52,25738,9831,779,0
43,26167,10754,565,1
48,181621,75009,637,1
39,112473,46226,850,1
45,10341,2978,710,1
46,92651,48363,598,1
30,105883,41400,811,1
38,42752,22060,738,1
31,6689,4354,627,1
32,96346,62143,637,1
34,105280,44533,815,1
40,8009,5109,693,1
43,27694,10302,691,1
40,128608,73306,646,1
40,41746,11521,670,1
41,39977,17110,850,1
44,12426,4150,692,1
46,75619,37053,679,1
41,139601,73150,583,0
43,21775,7904,767,1
41,135174,66505,684,1
37,47889,15037,777,1
33,66743,35507,668,1
39,109191,67043,714,0
39,111215,29360,670,1
35,6353,2680,712,1
37,10354,4887,737,1
39,95710,55033,775,1
37,81521,52825,744,1
32,57902,26055,750,0
37,53042,16018,780,1
51,39965,19263,733,0
35,19788,10645,597,1
42,158295,92444,643,0
43,36501,16388,587,1
36,89311,28847,801,1
47,32662,20740,601,1
44,107059,63164,779,0
47,6309,2189,638,1
32,25695,10612,681,1
36,18305,5070,690,1
34,82472,49648,740,1
31,112237,36140,625,1
46,80963,35380,646,1
32,72101,20981,742,0
37,27178,9376,637,1
38,70907,19924,689,1
44,115453,54378,728,1
36,46065,18379,794,1
37,7384,3869,626,1
31,77871,29357,585,0
37,46258,28957,701,0
36,68249,18495,670,1
40,147100,50161,583,1
38,73250,29373,751,0
48,9735,3037,674,1
42,116382,41199,657,1
34,52978,22886,666,1
45,33809,17174,578,1
36,159241,48090,778,1
34,101989,57113,567,1
30,31023,15418,777,1
35,67791,27658,730,1
35,1054,539,676,1
44,7380,2863,706,1
40,9146,2853,494,1
35,86088,42871,740,1
41,116906,48399,686,1
45,25634,12663,726,1
48,27504,12239,652,1
34,69202,42420,575,1
37,153919,88965,719,0
42,87250,34638,631,1
42,26504,6970,782,1
38,119636,65440,650,1
37,137669,46669,672,1
43,36990,22267,751,1
39,38308,19077,646,1
46,37030,24069,666,1
39,54079,25146,675,1
44,102162,37391,616,1
40,15010,4998,701,1
46,49765,13386,660,1
45,19672,8970,626,1
43,29325,7888,646,1
46,123136,55780,662,1
36,53790,16405,652,1
47,7543,2836,712,1
35,27428,12479,673,1
31,120562,43764,847,1
42,100700,38165,619,1
47,64014,22852,595,1
34,6659,2896,850,1
40,109947,52334,636,1
32,136194,81035,783,1
48,83645,25344,705,1
44,26359,12309,743,1
32,110578,70438,479,1
35,140599,67909,705,1
41,81233,40372,631,0
33,19836,6883,745,1
37,12992,5391,768,1
43,58595,20391,850,1
44,54970,23802,653,0
40,84342,37616,750,1
37,80469,37096,705,1
40,7850,3673,651,1
47,89808,55860,775,1
37,71174,35942,702,0
35,50270,21213,742,1
42,124673,47126,725,0
33,17533,6189,734,1
44,48512,23867,718,1
46,81941,26139,568,1
44,113377,74602,725,1
24,173161,86580,620,1
37,92068,45481,589,1
37,18961,4967,767,0
41,43148,23429,612,0
40,2478,1164,647,1
35,159563,46113,686,1
30,70975,19021,667,1
44,24446,9045,511,1
26,102451,37292,709,1
34,25139,12619,754,1
38,74714,28466,821,1
34,78868,42036,662,1
36,90629,29726,642,1
40,75648,38429,605,0
28,84365,41845,659,1
36,43360,16823,741,1
45,74807,37627,652,1
30,108689,29019,664,1
29,129244,57255,703,1
40,47029,13309,620,1
29,42541,24418,575,1
40,99656,50326,850,1
38,83391,46615,672,1
31,44457,13337,635,1
39,51307,21292,706,1
45,127917,84681,686,1
45,96159,25866,677,1
37,90843,36246,551,0
41,70908,30348,537,0
35,137024,86325,709,1
39,14450,6777,703,0
39,19946,10152,741,1
32,45087,21416,740,1
46,69060,29626,705,1
41,46703,28675,788,1
39,74853,36677,684,1
35,69604,21925,537,1
36,9036,3424,638,1
44,22156,9903,657,1
49,52802,29938,682,1
41,14793,8343,672,1
29,161481,97373,747,1
34,54600,19273,729,1
38,4029,1539,745,1
42,75074,45269,662,1
37,71736,36226,714,1
41,89009,54117,718,0
39,115814,44125,795,1
33,113758,46185,692,1
39,20436,11015,751,1
33,43018,17250,674,0
41,137646,89056,746,0
41,41178,24295,629,1
38,10516,6004,794,1
29,32169,16856,807,0
34,59876,20657,836,1
43,115489,72642,732,0
44,32416,16823,606,0
37,107712,58918,624,1
37,63409,26822,724,1
42,195887,107933,673,1
33,137146,44298,745,1
45,12623,5705,704,1
31,73331,29772,712,1
36,76326,39078,699,0
34,60725,35827,848,1
38,73376,38595,774,0
38,111988,48490,769,1
22,64307,29323,659,0
38,47913,27741,573,1
32,21293,12413,771,0
45,74605,35885,643,1
47,78458,46290,727,1
31,28336,7594,834,1
49,25410,11282,614,1
36,5377,2774,611,1
34,91210,31649,467,1
40,62924,34041,689,1
42,130734,57522,649,1
38,97299,38919,701,0
45,85689,34704,624,1
36,55081,18562,642,1
44,122000,76860,761,1
25,126148,70012,623,0
46,114639,57548,710,1
42,7784,3495,740,1
48,121511,59904,536,1
43,99763,31425,767,1
47,64932,37465,619,0
43,124232,80253,617,1
40,84595,28423,731,1
43,41855,19295,790,0
41,69447,32153,712,1
49,91767,51756,678,1
34,28684,11760,803,0
40,70340,19976,630,1
32,104500,63431,769,1
33,34698,13219,689,1
36,87117,57671,752,1
35,119228,67840,658,1
48,100587,51198,551,1
33,50706,25353,680,1
47,163660,66936,644,1
32,56899,19004,704,1
43,78879,30999,676,1
41,7455,4040,615,1
46,19533,5547,424,1
41,82009,45679,644,1
40,74722,26152,707,1
33,59750,21450,657,1
43,29061,16913,797,1
46,103051,67498,739,1
45,174473,114279,736,1
46,145915,89737,650,1
42,36084,21686,761,1
41,94660,36633,662,1
45,42871,12732,615,1
37,75345,45583,850,1
33,46756,27211,602,1
39,33293,14482,669,1
35,132839,49283,782,1
40,69489,39747,619,1
36,66594,26238,663,1
40,151550,69106,654,1
44,132741,53892,484,1
41,144699,45001,730,1
46,45055,24645,608,0
33,44732,12927,618,1
46,27288,14599,764,1
36,25298,6830,753,0
46,68352,30553,763,1
39,32892,11577,802,1
40,101567,32704,649,1
41,35049,13388,638,0
39,2961,1862,706,1
31,136362,70226,647,1
31,56146,16113,639,0
40,156409,55368,695,0
39,93822,38185,752,1
44,16221,5612,694,1
37,14830,9268,653,1
32,18649,10816,740,1
34,90315,58795,755,1
43,160810,72525,706,1
33,166735,101041,669,1
41,4164,1873,567,1
40,121461,39353,804,0
43,19318,8016,850,1
40,78903,40319,743,1
43,44884,18178,610,1
39,57113,35467,776,1
43,67035,17563,787,1
32,28474,8371,693,1
39,47429,21343,768,1
30,17985,5809,590,1
47,18100,4850,782,1
45,30728,10508,692,0
33,49809,32027,695,1
33,79363,24602,438,1
39,10207,2990,621,1
28,119414,46810,743,0
36,50669,15808,728,1
32,77681,48006,758,1
44,7626,2135,740,1
41,29671,7981,724,1
36,74706,42433,623,1
36,106022,48133,603,1
43,26839,13016,698,0
34,3464,1499,689,1
48,143442,80614,570,1
34,32991,19860,722,1
43,86648,55281,597,1
49,121561,32699,715,1
43,45459,25320,580,1
32,42322,12781,591,1
36,22804,6544,714,1
39,64755,31470,760,1
44,59477,34258,673,0
38,137839,36113,618,0
39,47375,27714,648,1
30,3581,1736,697,1
41,82543,33017,670,1
48,48393,27584,643,1
44,75981,32215,813,0
45,73003,47305,663,0
44,35374,17934,709,0
40,28552,12505,685,1
33,27360,12722,720,1
39,52127,30598,707,1
32,75838,35719,730,0
33,22055,10167,745,1
46,24668,14948,671,1
39,75265,22127,695,1
43,91737,25686,659,1
32,97307,51280,512,1
38,50772,31630,736,1
30,1966,851,711,1
46,1046,458,694,1
41,101249,39082,772,1
50,118616,64764,823,1
48,72781,36536,795,1
63,87877,45168,833,1
50,159965,97898,610,1
57,20134,13228,790,1
47,128349,36451,627,1
45,28521,16855,646,1
60,69739,20503,552,0
57,102082,27051,709,1
51,36306,14703,762,1
49,61882,36757,740,1
44,6103,2709,780,1
47,64105,19680,618,1
58,105305,59813,728,0
45,38191,16192,731,1
43,23965,15265,604,0
56,2716,1181,596,1
47,38883,21463,690,0
61,128758,47897,735,0
47,31699,14296,850,1
39,46838,15409,565,0
50,88314,43627,660,1
49,50913,28307,802,0
49,66311,19694,724,1
48,75192,28197,558,1
50,19473,8918,684,1
54,72998,45915,684,1
48,125492,36643,444,0
49,104934,29171,756,1
53,127079,36217,850,0
46,7387,4262,708,1
59,45793,21064,772,1
54,47829,19083,680,1
45,64466,39001,642,1
51,80627,26606,713,1
48,34440,15153,787,1
60,80105,45900,729,1
53,61613,37399,695,1
52,31678,13779,654,1
50,50578,23468,745,1
50,121455,47974,577,1
50,12560,6732,813,0
57,21207,11048,644,1
47,27191,10359,683,1
50,33589,20287,579,1
45,101657,51133,644,1
57,10094,6672,534,1
57,148866,70562,735,1
53,28411,8182,691,1
44,17905,6553,706,1
48,26195,9194,744,1
50,71469,30374,674,1
47,2351,615,769,1
46,37078,13533,714,1
47,13134,5936,692,1
44,111389,35087,850,1
50,59430,25673,668,1
41,48311,30919,562,1
37,11277,5593,649,1
52,16664,6698,629,1
50,88610,56267,812,0
46,76930,44927,657,1
52,58419,35518,622,1
49,44051,27575,593,1
50,55777,27776,627,1
49,76501,40469,684,1
47,101954,36907,620,1
48,102791,32687,511,1
58,56977,16637,667,0
43,68294,20488,693,0
46,14226,6444,590,0
59,8477,3789,476,1
51,35933,14588,637,1
51,39936,24760,766,0
53,27874,16752,842,1
47,80142,48005,770,0
48,63304,24245,704,1
55,137587,42514,637,1
45,104575,33882,600,1
57,43058,22260,596,1
42,5786,1608,587,1
53,68604,18042,672,0
51,61268,32778,734,0
48,33644,16653,582,1
46,47191,19301,806,1
44,30132,15789,698,1
49,55723,29254,623,1
48,52088,24273,697,0
50,59006,26434,712,0
42,55028,31806,724,0
44,103419,37127,634,1
51,2600,1593,591,1
59,73899,26899,734,1
51,63250,30992,702,1
49,10193,3017,492,1
53,87808,58128,579,1
48,89284,29195,699,1
51,59926,23610,787,0
50,47788,31348,716,1
53,79807,35514,634,0
51,35237,15328,722,1
55,42327,21417,718,1
59,123921,51427,747,1
51,41403,23102,816,0
46,134423,71513,599,1
45,82430,21679,850,1
53,84184,28622,645,1
46,4313,2540,778,1
57,179738,60571,651,1
58,52085,21719,548,1
42,98649,35710,688,1
53,86166,51010,571,1
55,68847,31876,600,1
53,79261,40106,681,1
47,35473,10145,713,1
54,89515,59258,790,1
59,35380,17477,850,0
59,63910,33169,650,0
50,14520,5067,620,1
45,62557,37909,671,1
52,29561,13538,727,1
56,48153,20272,631,1
42,136067,71026,716,1
50,39165,16292,659,1
51,56260,17834,516,1
53,166279,91619,645,1
49,118256,39260,755,1
42,105619,44993,571,1
47,94143,58651,531,1
47,69798,21846,548,1
51,45417,30066,700,1
49,56691,17404,761,1
57,18755,8983,734,1
54,83943,51624,665,1
55,101677,44026,451,1
51,86528,48974,738,1
53,27201,8486,768,1
48,29230,11341,690,1
49,26557,8152,786,1
49,78750,24806,780,1
53,76245,31031,642,1
44,52608,16571,686,1
47,65033,17819,553,1
54,74046,44945,850,1
58,9102,4469,643,1
54,85609,39551,649,1
51,53884,21176,667,1
43,43510,27933,640,0
53,126151,51595,594,1
50,101167,65960,825,1
48,8343,4355,791,1
48,48466,13812,750,1
39,110022,52150,764,1
44,50595,27979,641,1
52,144126,63559,602,0
43,74773,33273,620,1
44,110425,41078,793,1
35,124933,63840,850,1
46,26410,9824,611,1
54,79100,38521,647,0
56,31491,19776,794,1
50,108581,55484,808,1
50,89965,49570,645,0
52,41811,13964,701,0
49,7883,3807,850,1
48,105624,66965,734,0
40,63357,24265,695,0
51,137139,74877,709,1
45,3551,1484,744,1
50,42698,13620,590,1
44,56067,28650,655,0
43,72723,35270,709,1
36,67933,18613,709,1
60,102543,56808,707,1
52,7124,2970,767,1
31,53180,21112,763,1
49,62685,38990,839,1
50,55469,17583,543,1
59,91194,33741,648,1
56,40555,22183,671,0
55,68644,22377,648,1
47,70279,41394,610,1
52,88138,24678,638,1
54,61603,39179,689,0
44,8679,5641,651,1
52,52203,22499,850,0
54,125581,46088,808,1
50,20848,10653,810,1
50,15558,8728,850,1
46,6878,3583,782,1
45,154169,73076,738,1
56,1743,475,668,1
49,99665,44849,653,1
56,12894,3984,696,0
50,26415,17064,788,0
55,97138,29141,606,1
50,15038,4045,673,1
59,82681,47541,711,1
47,89943,54955,548,0
52,9636,5261,525,1
48,93978,38061,667,0
46,52301,28660,671,1
50,80542,52674,781,1
54,132142,81663,731,1
41,52991,17222,742,1
46,3429,1789,687,1
46,84770,47301,540,1
49,56968,33554,663,1
55,38689,13541,593,1
46,164045,67586,744,1
53,163061,69137,793,1
46,42091,13132,572,1
52,86476,23348,678,1
44,37495,19234,533,1
45,53035,22592,657,1
57,56337,22253,638,1
48,11879,3314,783,1
51,42215,25624,521,0
50,154714,72870,626,1
55,23888,14070,739,1
50,5469,2931,723,1
48,148758,47007,450,1
53,63657,18524,682,0
51,114228,35296,793,0
52,71852,20693,706,0
42,68104,28467,850,0
47,118128,47251,694,1
62,47600,16707,785,1
43,80531,46224,723,0
52,42695,26513,740,0
46,76655,36871,608,1
48,74719,28990,666,1
48,30007,17194,781,1
47,113133,45140,678,1
51,85943,27587,698,1
51,77511,36042,666,1
56,73377,32652,713,1
51,36882,10695,587,1
42,102152,33199,576,1
34,105106,62117,773,1
45,116477,33545,664,0
60,103644,58662,805,1
52,109743,50372,771,1
57,37836,16042,615,1
63,46805,19470,766,1
49,40942,11750,850,1
52,32729,13026,850,1
49,76633,29580,715,0
51,97176,36635,709,0
56,6142,3482,769,0
47,33372,14316,845,1
52,46265,20032,780,0
50,165059,55955,745,1
54,113399,68492,789,1
43,73258,31574,552,1
48,107160,45543,639,0
55,29947,12697,850,1
57,73366,30813,811,0
46,22823,11890,847,1
47,9772,5765,589,0
54,126610,53302,735,1
50,37894,14437,850,1
54,39773,16426,785,1
51,77144,33943,684,1
53,59007,17407,595,1
40,142687,37812,574,1
55,73450,20786,434,1
51,4155,1840,657,1
56,181954,87701,706,1
44,75133,47183,745,1
51,7735,3534,616,1
45,70753,42027,737,0
51,147249,88202,728,1
52,52890,19516,612,1
54,181688,53234,820,1
50,2287,718,730,1
51,2210,1250,686,0
55,83042,47749,826,1
40,75336,22374,708,1
52,87813,40920,744,1
46,21563,7007,802,1
50,102030,65503,529,1
42,67146,32297,850,1
45,55301,22949,698,0
42,17482,10174,634,1
54,59652,36805,749,1
39,29409,11587,737,1
50,73641,35642,850,1
49,18182,10236,588,1
49,118400,46412,737,0
44,435,158,675,1
49,51102,27646,850,1
57,39936,24201,608,1
42,43464,13691,754,1
46,101236,42316,777,1
50,19159,5479,710,1
49,36286,20864,683,0
49,11516,6702,685,1
50,10515,6014,655,0
47,120218,35344,850,1
46,98427,52756,675,1
43,124093,50009,587,1
48,82260,36934,546,1
46,43630,19197,716,1
48,102921,65869,715,1
58,59709,22092,811,1
52,33559,19497,814,1
57,129833,46869,627,1
56,19481,9526,846,0
53,76645,29508,680,1
56,130616,65438,555,1
48,48427,18402,582,1
50,26884,9409,691,1
48,95256,61440,637,1
47,66914,31248,648,1
52,76887,49053,698,1
52,81068,25131,683,1
60,72965,28529,750,1
54,1520,459,658,1
55,101930,59629,592,1
62,84132,29530,850,0
53,2382,976,619,0
56,55632,32266,545,1
63,25323,8559,728,1
62,144119,85462,769,0
57,31192,15596,426,1
61,111612,35381,744,1
48,96386,43566,660,1
56,25970,16750,711,0
57,13938,8223,740,1
63,14881,7202,631,1
50,67165,34858,749,1
64,3608,1587,672,1
62,33249,21412,766,1
60,95264,44774,637,1
66,6566,3020,732,1
60,29074,15641,649,1
53,10513,4783,716,1
57,39692,14765,753,1
57,118772,60098,832,1
58,43138,22906,795,1
55,29387,12313,850,1
63,86225,36990,570,1
69,9947,5321,776,1
59,60615,23215,736,1
59,107032,53730,643,1
62,84192,32161,655,1
57,68287,29158,837,1
60,70501,24957,652,0
67,69335,18165,613,0
57,41519,18268,637,1
57,74677,37114,699,1
55,3877,1899,620,1
61,59774,30544,728,1
54,85021,56113,846,1
54,7044,4106,619,1
65,42493,20821,704,1
68,40614,15108,730,0
58,19534,5528,524,1
60,51983,16478,764,1
52,10797,3800,793,1
57,56335,32786,590,0
57,128680,81969,756,1
59,61808,20458,707,1
61,113427,63972,745,1
53,32477,11431,850,1
60,32609,11869,841,1
66,27535,14263,787,1
56,109779,49510,808,1
65,16565,7172,646,1
56,40349,12750,774,1
69,42345,14524,649,1
63,71788,21608,736,1
71,6770,4122,751,1
57,80678,45986,714,1
57,40805,15832,675,1
67,28519,18223,764,1
67,55396,22878,826,1
55,62610,29864,641,0
56,88631,30754,672,0
63,14836,4762,561,1
54,94089,40834,829,1
56,150341,88851,822,1
56,5702,2782,681,1
61,92292,34055,772,1
51,103576,62767,748,1
64,38893,25163,780,1
52,45444,12497,686,1
62,48590,31972,640,1
60,45331,16727,633,1
59,73504,20434,813,0
61,68154,20923,621,1
62,3975,1339,686,1
70,43563,21650,529,1
56,70615,32200,730,1
55,73730,21234,698,1
59,65122,31193,850,1
57,45125,24954,725,1
59,69782,42636,850,1
64,112707,33135,534,1
60,126587,53039,774,1
60,22849,6854,652,0
68,73664,46113,742,1
64,41976,19686,677,1
62,49265,13203,850,0
63,146743,58843,850,1
67,64399,31619,651,1
54,105496,31121,806,0
53,7159,3765,675,1
56,131225,72304,819,1
59,56774,28784,514,1
57,19993,13095,773,1
72,5379,1764,593,1
55,72963,27434,721,1
58,86004,22619,417,0
61,45211,27397,658,1
66,87284,45824,816,1
60,121189,79742,531,1
64,20513,6933,811,1
62,132402,57065,675,1
58,18075,9706,849,1
67,20981,11581,571,1
66,26502,10415,812,1
56,29579,12245,763,1
61,83708,31557,673,1
50,50288,13426,561,1
62,84515,47835,666,0
50,73744,22123,758,0
67,41056,13917,630,1
65,74539,30411,685,0
47,114420,60757,798,0
61,117248,59796,761,1
67,10509,4119,699,1
64,56498,28813,850,1
65,104200,67417,723,1
52,107307,39488,802,1
67,2972,959,818,1
55,97034,36872,567,1
64,40408,21133,604,1
50,61061,21737,766,1
61,128052,44049,837,1
65,107438,31264,818,1
54,143712,77317,681,1
57,136427,36835,705,1
45,147750,70920,703,1
57,70229,29777,717,1
58,82655,45625,844,1
60,79636,35199,850,1
53,59791,25590,850,1
60,54061,23786,833,1
60,54362,27833,736,0
54,81385,50214,759,1
67,92332,27884,709,1
62,53648,27950,812,0
63,2028,580,628,1
62,47962,18897,613,1
62,40219,22965,798,1
61,67458,42903,755,1
57,128379,56486,818,1
61,40019,22170,640,1
62,70829,25285,651,1
55,41333,24386,620,1
66,77290,36403,685,1
51,106704,43108,512,1
50,103440,65580,794,1
65,19127,8358,739,1
68,69270,32556,629,1
70,48069,25764,678,1
63,103419,54708,537,0
65,79099,38521,634,1
54,23984,8274,789,1
56,57823,22666,616,0
57,122880,52961,737,0
56,85780,46921,621,1
63,37415,11037,736,1
63,36916,22592,658,1
57,51472,26559,755,1
61,118871,60624,747,0
53,100249,51728,850,1
55,70503,21221,718,1
61,79486,38868,850,1
58,19576,8867,834,1
58,48369,16155,850,0
53,139292,54323,800,0
55,101087,63684,696,1
66,35661,10733,737,1
59,69580,37434,638,0
53,20415,6246,627,1
56,109395,33365,801,0
59,187867,87358,676,1
56,6560,2564,686,1
61,49058,22811,735,1
63,65408,26555,691,1
65,70754,41744,696,1
52,40080,20120,568,1
59,71989,21596,651,1
60,120219,53016,836,1
50,71303,28663,771,1
54,200104,70436,685,1
62,25152,7897,677,1
63,17714,6323,803,0
57,66780,19299,756,0
65,4810,2607,771,1
65,52397,30599,666,1
62,56771,22027,756,1
61,132320,70791,634,0
60,65113,18426,622,1
64,179226,107535,745,1
55,38524,13598,814,1
66,24964,12107,692,1
54,24389,7536,666,1
64,61771,36136,850,1
52,40802,13219,806,1
45,117580,57849,716,1
65,33623,13112,839,1
57,2009,590,850,1
68,87505,27564,804,1
66,19206,10582,767,1
61,37258,18405,850,1
57,33087,14028,818,1
63,7582,4753,618,0
60,12513,4454,769,0
64,91730,45314,735,1
61,114387,41980,714,0
59,78993,29464,820,0
50,30600,16677,850,1
63,70977,40456,785,1
63,119821,43614,585,1
58,12957,8214,752,0
63,60688,20451,850,0
63,27269,15979,710,0
61,68438,19504,723,1
57,59191,34626,638,1
59,171196,67793,662,1
56,37710,12821,716,1
54,128864,61725,663,1
66,40526,15156,685,1
59,99228,57155,608,0
55,62190,22201,850,1
61,124114,54113,766,1
53,1784,1100,716,1
44,57643,17926,824,1
48,108674,30754,718,1
53,58280,33044,790,1
53,151992,52589,734,1
57,51262,18505,708,0
54,24202,7962,689,1
55,87293,42948,752,1
56,22724,10044,767,1
64,26792,15378,692,1
59,65944,41742,849,1
67,42595,23938,619,0
57,192304,75575,850,1
56,55758,35071,670,1
64,95079,57617,666,1
55,210931,80997,668,1
51,135861,66707,554,1
62,26857,14851,832,1
54,54873,29137,800,0
64,51655,17201,709,1
61,63218,26235,749,0
62,40852,18219,813,1
57,84953,29818,726,1
60,60915,25096,768,0
69,112621,67572,518,1
45,55007,28493,640,1
58,137038,44811,793,1
68,66785,19300,817,1
61,90131,45786,565,1
52,33413,14902,661,1
55,123528,36193,670,1
53,104268,39621,646,0
50,191178,55632,656,1
58,2117,956,850,1
56,31063,19321,632,1
60,29408,8234,568,1
65,89526,26141,710,1
67,21142,12029,850,1
67,100972,56443,806,1
72,7117,2868,814,1
55,41475,27332,694,1
58,23001,6831,675,1
62,39968,14948,690,1
47,44273,17487,679,1
54,17265,4920,826,1
64,81851,41825,594,0
58,120646,73955,850,0
60,4959,3119,696,1
61,42204,21270,714,1
50,54501,35534,830,1
57,36882,23383,730,0
61,104756,43683,774,1
69,80175,52995,550,1
56,3615,1749,642,1
59,51964,22500,815,1
68,63099,17415,668,1
60,245,148,670,1
58,53201,34101,779,1
65,8256,4152,616,1
63,99968,65179,655,1
69,113721,72099,789,1
57,38443,14723,777,0
60,47176,23021,757,1
62,4710,2920,820,1
60,16089,7626,526,1
64,13449,5890,659,1
66,6827,4123,653,1
54,142969,60332,436,1
59,18724,6160,700,1
69,86424,27137,656,1
47,52794,33576,831,1
52,101120,62997,591,1
53,100811,51816,637,1
68,21886,6128,740,1
57,31779,14141,661,1
57,453,183,623,1
58,19482,11338,818,1
54,18578,7988,631,1
60,94149,43026,850,1
59,122190,74169,731,1
58,41598,21048,850,1
52,69488,25363,847,1
67,87875,38225,659,1
58,4542,1785,690,0
64,128325,79818,803,1
61,45841,27779,796,1
54,61154,28130,722,1
63,7708,3514,670,0
52,8943,2682,821,1
57,91110,45919,708,0
52,27909,18224,841,1
54,4340,2465,850,1
65,23534,8095,765,1
77,7475,2541,717,1
93,9602,5117,686,1
105,17666,6501,728,1
90,3138,1295,850,1
80,130773,46555,763,1
77,808,434,593,1
84,73560,35970,708,1
79,31287,9135,842,1
87,31384,8944,625,1
93,38530,12059,734,1
93,69386,27476,709,1
100,90632,58820,746,1
82,1318,437,775,1
98,108251,49470,613,1
81,37498,18898,850,1
80,131784,79333,578,1
80,128647,71785,850,1
74,4428,2391,769,1
81,51700,17526,754,0
74,26931,9264,508,1
71,110273,37162,850,0
96,105199,68589,785,0
91,89554,44777,757,1
83,75624,49609,666,1
87,92566,50633,654,1
86,47314,14383,737,1
93,164791,87998,635,1
85,87328,56413,804,1
76,39276,19363,790,1
90,76163,32369,772,1
94,38137,15521,633,1
92,24853,14141,807,1
74,54021,27064,841,1
78,52591,17460,677,1
91,148739,43580,762,1
98,26974,8415,676,1
82,6106,2936,777,1
93,15918,6112,643,1
91,63796,36236,755,1
76,26002,7618,850,1
92,79599,31839,721,1
85,115578,47155,545,1
93,42757,17145,719,1
75,15251,4804,818,1
95,88088,44836,766,1
84,9003,2871,749,1
104,75897,44172,850,0
83,121497,65851,712,1
99,11383,3244,850,0
96,55450,14527,670,1
87,82241,49015,785,0
86,148354,82336,793,1
89,33698,20555,780,1
103,13721,5529,732,1
98,65214,38932,817,1
87,42454,16259,726,1
73,182271,96056,759,1
92,45957,22243,783,1
79,60465,21888,740,1
88,69241,34689,736,1
98,111993,43341,825,0
65,14083,4098,711,0
67,2762,1082,582,0
81,12594,6574,612,1
80,18901,5178,692,1
87,38543,21237,840,1
78,13613,7514,650,1
88,45016,25208,584,1
100,18503,9418,740,1
71,39937,15455,685,0
82,50453,25377,850,0
89,94455,56861,842,1
98,120303,52452,740,0
86,30937,12312,650,0
78,16334,4736,833,1
93,51551,17372,574,0
78,40725,23335,794,1
86,23650,6622,596,0
79,51697,33499,764,1
109,17767,11264,558,1
98,39449,13886,779,1
87,66022,38556,605,1
85,29924,8318,451,1
78,64563,40932,717,1
74,50329,25214,695,1
65,51758,26758,716,1
105,50042,14161,757,1
66,3102,1972,707,1
85,91763,30006,606,1
81,68925,27501,756,1
99,44412,22072,664,0
76,53814,22978,825,1
92,26634,11026,820,1
87,1815,965,815,1
72,2755,1303,693,1
80,16514,6737,730,1
88,34304,11011,742,1
79,84356,53650,569,1
81,54890,24645,781,0
75,69566,30400,675,0
89,63537,33928,850,0
72,46851,15367,715,0
85,25174,7627,445,0
73,10507,4213,802,1
72,57662,15222,711,1
96,121599,55570,503,1
96,85606,40406,733,1
100,71509,29676,670,0
101,76171,35724,751,1
81,45288,17662,638,0
90,23897,8770,695,1
95,3470,1030,717,1
109,29823,19116,479,1
88,70584,19622,608,1
95,134107,70540,503,1
60,64495,30506,733,1
76,27908,15433,817,1
93,10717,6119,709,1
80,89187,32553,701,1
88,47211,15060,705,1
83,79512,49058,828,1
77,56592,21844,578,0
68,26391,16388,662,1
94,15170,4020,505,1
92,56284,24427,576,1
90,16901,4901,675,0
97,56288,24372,850,0
76,5234,2030,650,1
60,20877,13382,808,1
89,13459,5746,809,1
97,66368,40949,799,0
66,39074,17348,850,1
96,21176,7009,622,1
84,1635,1030,677,1
84,20370,10633,686,1
94,41538,25504,691,1
77,63980,29302,776,0
90,63234,35600,715,1
100,12252,6346,832,1
87,289,108,554,0
80,473,197,745,1
93,15752,4851,850,1
90,103935,56644,775,0
81,38185,14319,719,1
81,28827,8734,735,0
81,64924,22788,666,1
94,72684,21441,583,0
85,46597,27911,673,0
84,106112,42232,710,0
85,42352,12493,730,0
86,34194,21063,534,0
64,5010,1963,675,1
80,77041,39136,709,1
100,54850,21720,701,1
109,92881,38824,746,1
86,71688,35127,678,1
79,51128,31239,776,1
96,20513,10666,717,1
96,28108,13126,727,1
66,3977,1328,659,1
97,52993,31583,557,1
63,60972,19632,802,1
87,101393,45221,550,1
77,32131,8611,634,1
83,97966,56428,620,1
84,82101,29474,591,0
80,80961,33922,711,1
82,42015,21931,726,1
80,37685,14810,729,1
94,40524,19370,610,1
76,84109,33643,621,1
98,13870,3744,735,1
83,87337,46550,650,0
79,111692,63999,686,0
69,67891,21249,705,1
74,29733,19415,787,0
91,51531,13604,686,1
82,11130,5976,625,1
94,54384,35077,838,1
80,45052,14686,723,1
88,58994,19291,779,1
86,8592,2749,827,1
82,93044,51732,705,1
83,71376,27051,705,1
77,23309,15057,815,1
75,51760,21894,632,0
86,83564,30835,807,1
107,44838,15379,610,0
83,13394,8371,820,1
73,41047,18881,679,0
85,87745,51857,815,1
77,8828,3654,664,1
85,130515,65910,707,1
79,3026,983,680,1
78,76027,47440,691,0
78,135884,41988,690,1
79,60907,35143,622,1
80,50398,26156,682,1
79,101545,42953,805,1
85,96885,58227,850,1
61,21542,12322,686,1
100,71298,33937,799,1
94,41397,18173,809,0
76,29445,13073,776,1
75,5959,1853,642,1
50,22789,12944,621,1
86,111961,56764,667,1
86,17733,8618,704,1
101,14121,6114,850,1
87,104031,46813,640,1
100,2558,721,737,1
92,91094,27510,721,1
92,44277,27584,694,1
90,2155,1124,754,1
82,37367,13377,701,1
92,61183,22148,621,1
81,76118,43311,752,0
85,50422,26874,787,1
86,20516,9457,672,0
89,158692,51733,739,1
80,65315,26713,824,1
69,40066,15745,799,0
103,12245,7653,850,1
85,71355,41243,773,1
79,79145,37356,832,0
87,1809,587,684,1
85,34410,13798,699,1
87,6067,3415,816,0
92,43925,24290,570,1
83,40923,20747,661,1
81,17969,9918,640,1
91,27038,12924,599,1
78,88824,25847,636,1
92,37784,20970,822,1
77,11840,3315,661,1
63,110379,54968,657,1
76,65058,21924,605,1
86,7180,3949,669,0
91,37758,13102,743,1
91,85820,53894,812,1
85,35661,16047,602,1
89,135568,53549,819,0
77,8096,4711,750,1
73,72620,40957,751,0
81,34700,15163,705,0
92,126238,37618,850,1
99,92702,41345,745,1
83,103650,51514,707,0
88,104934,34418,759,1
92,71656,19203,690,1
98,53822,23681,769,1
72,50466,15341,704,1
75,1206,369,712,1
89,93160,54032,572,1
90,22949,11635,686,1
90,50796,18286,724,0
94,15258,8895,791,1
84,14211,8313,600,1
97,104997,41893,603,1
91,25405,9831,730,1
76,75596,20335,717,1
92,1640,918,841,1
101,74172,28778,625,0
76,85401,25022,623,1
94,83812,53304,843,1
81,144514,77314,848,1
103,23757,7982,653,1
76,71010,44736,795,0
79,7123,2186,557,1
70,75478,35474,850,1
73,70424,37113,709,1
99,77985,40552,765,1
74,59324,27467,835,0
69,67764,43843,742,1
67,66613,36237,850,1
97,120636,57905,620,0
85,4242,1497,826,0
101,42923,25839,850,1
99,12157,4656,682,1
86,21810,7895,681,1
89,86799,32115,783,1
79,39630,10739,694,1
83,15723,8553,525,1
84,104985,42623,794,1
86,81572,36625,700,0
85,94194,35134,819,1
80,129634,47705,535,0
90,19857,5679,493,1
72,58051,15209,803,0
60,42593,23213,654,1
89,8207,5277,751,0
73,115380,34960,779,0
92,24190,14828,597,1
81,59253,28856,716,1
95,52863,17127,543,0
72,112498,70761,850,1
104,66657,24463,822,0
79,50250,31054,739,1
95,47049,28135,538,0
96,42843,20778,850,1
94,68128,38969,553,1
83,3195,1770,669,1
99,69512,25510,850,1
62,65506,39041,605,1
71,16920,5955,608,0
83,35579,19817,753,1
78,16966,5174,802,0
76,37495,10236,804,1
87,44848,22334,569,1
83,71630,38966,783,0
109,107487,39125,788,1
94,137554,49519,487,1
78,129023,34449,545,1
89,32594,20273,771,1
83,11834,6982,741,1
100,11707,7316,738,1
93,1470,399,685,1
100,140495,58305,803,1
75,44970,18887,795,0
84,28409,10170,710,1
